1 0.5908203125 0.1162109375 0.109375 0.03125
1 0.6318359375 0.19921875 0.111328125 0.0390625
1 0.5146484375 0.056640625 0.1015625 0.02734375
1 0.5595703125 0.0390625 0.103515625 0.03515625
1 0.5732421875 0.419921875 0.1015625 0.03125
1 0.4921875 0.421875 0.091796875 0.01953125
1 0.4921875 0.4248046875 0.08203125 0.02734375
1 0.59765625 0.6904296875 0.12890625 0.03125
1 0.5224609375 0.712890625 0.06640625 0.01953125
1 0.5048828125 0.720703125 0.0390625 0.07421875
1 0.474609375 0.7275390625 0.056640625 0.017578125