1 0.7216796875 0.390625 0.08984375 0.03125
1 0.4111328125 0.34375 0.0859375 0.02734375
1 0.4189453125 0.330078125 0.08984375 0.01953125
1 0.2626953125 0.4384765625 0.06640625 0.02734375
1 0.24609375 0.451171875 0.07421875 0.0234375
1 0.23828125 0.4716796875 0.08984375 0.03125
1 0.7958984375 0.447265625 0.087890625 0.025390625
1 0.7822265625 0.4638671875 0.095703125 0.02734375
1 0.7900390625 0.48828125 0.09765625 0.029296875
1 0.818359375 0.5107421875 0.08984375 0.0234375
1 0.822265625 0.5283203125 0.07421875 0.02734375
1 0.853515625 0.53125 0.03125 0.01953125