1 0.576171875 0.921875 0.033203125 0.0859375
1 0.5556640625 0.90625 0.03125 0.07421875
1 0.533203125 0.84375 0.03515625 0.12890625
1 0.4501953125 0.9150390625 0.033203125 0.125
1 0.4140625 0.912109375 0.03515625 0.125
1 0.453125 0.6611328125 0.048828125 0.123046875
1 0.337890625 0.4580078125 0.05078125 0.1484375
1 0.564453125 0.66015625 0.03125 0.1328125
1 0.5283203125 0.65625 0.04296875 0.1484375
1 0.52734375 0.2158203125 0.03125 0.16015625
1 0.486328125 0.1884765625 0.033203125 0.146484375
1 0.470703125 0.2001953125 0.03515625 0.14453125
1 0.4697265625 0.2763671875 0.033203125 0.072265625