1 0.3720703125 0.7646484375 0.087890625 0.01953125
1 0.3876953125 0.740234375 0.091796875 0.025390625
1 0.3994140625 0.80078125 0.0390625 0.015625
1 0.3603515625 0.8076171875 0.072265625 0.015625
1 0.3466796875 0.7978515625 0.06640625 0.015625
1 0.3544921875 0.6513671875 0.07421875 0.02734375
1 0.482421875 0.568359375 0.078125 0.017578125
1 0.48828125 0.5517578125 0.078125 0.015625
1 0.4541015625 0.5341796875 0.07421875 0.0234375
1 0.5576171875 0.4013671875 0.0390625 0.044921875
1 0.5048828125 0.3994140625 0.0703125 0.017578125
1 0.515625 0.3798828125 0.0703125 0.021484375
1 0.5859375 0.4033203125 0.0390625 0.0234375