1 0.181640625 0.4326171875 0.02734375 0.07421875
1 0.2587890625 0.4794921875 0.0263671875 0.0693359375
1 0.1435546875 0.431640625 0.021484375 0.06640625
1 0.1484375 0.416015625 0.017578125 0.0673828125
1 0.3603515625 0.3984375 0.0224609375 0.076171875
1 0.4150390625 0.4169921875 0.0068359375 0.021484375
1 0.4072265625 0.3955078125 0.015625 0.0615234375
1 0.412109375 0.4013671875 0.0107421875 0.056640625
1 0.423828125 0.4423828125 0.02734375 0.0546875
1 0.62109375 0.373046875 0.015625 0.0341796875
1 0.6103515625 0.396484375 0.044921875 0.0234375
1 0.609375 0.4326171875 0.015625 0.0654296875
1 0.625 0.4267578125 0.0185546875 0.044921875