1 0.525390625 0.2939453125 0.015625 0.072265625
1 0.478515625 0.3359375 0.01953125 0.04296875
1 0.458984375 0.31640625 0.01953125 0.04296875
1 0.4765625 0.4248046875 0.015625 0.0625
1 0.5 0.4267578125 0.01171875 0.072265625
1 0.5126953125 0.42578125 0.009765625 0.0703125
1 0.51171875 0.427734375 0.013671875 0.078125
1 0.54296875 0.4169921875 0.021484375 0.06640625
1 0.619140625 0.50390625 0.021484375 0.08203125
1 0.537109375 0.6201171875 0.01953125 0.0859375
1 0.55859375 0.625 0.017578125 0.078125
1 0.5771484375 0.630859375 0.013671875 0.076171875
1 0.5625 0.5947265625 0.01171875 0.0390625