1 0.5673828125 0.181640625 0.07421875 0.02734375
1 0.5205078125 0.2587890625 0.0703125 0.02734375
1 0.568359375 0.1435546875 0.06640625 0.021484375
1 0.583984375 0.1484375 0.06640625 0.017578125
1 0.6015625 0.3603515625 0.076171875 0.0234375
1 0.5830078125 0.4150390625 0.021484375 0.0078125
1 0.6044921875 0.4072265625 0.0625 0.015625
1 0.5986328125 0.412109375 0.056640625 0.01171875
1 0.5576171875 0.423828125 0.0546875 0.02734375
1 0.626953125 0.62109375 0.03515625 0.015625
1 0.603515625 0.6103515625 0.0234375 0.044921875
1 0.5673828125 0.609375 0.06640625 0.015625
1 0.5732421875 0.625 0.044921875 0.01953125