1 0.8271484375 0.396484375 0.0625 0.0234375
1 0.8544921875 0.421875 0.0546875 0.02734375
1 0.857421875 0.435546875 0.05078125 0.021484375
1 0.685546875 0.53515625 0.05859375 0.0234375
1 0.6728515625 0.5556640625 0.0625 0.0234375
1 0.25 0.431640625 0.06640625 0.0234375
1 0.2626953125 0.4443359375 0.07421875 0.0234375
1 0.2763671875 0.4580078125 0.072265625 0.021484375
1 0.0654296875 0.4794921875 0.0703125 0.02734375
1 0.05078125 0.564453125 0.06640625 0.02734375
1 0.0673828125 0.5849609375 0.072265625 0.01953125