1 0.4228515625 0.14453125 0.0322265625 0.0859375
1 0.4453125 0.1796875 0.0322265625 0.0732421875
1 0.4658203125 0.2734375 0.0380859375 0.13671875
1 0.5400390625 0.169921875 0.0185546875 0.1064453125
1 0.5595703125 0.1650390625 0.017578125 0.11328125
1 0.580078125 0.1513671875 0.03515625 0.130859375
1 0.54296875 0.4072265625 0.048828125 0.123046875
1 0.658203125 0.615234375 0.0517578125 0.1484375
1 0.4365234375 0.4208984375 0.03515625 0.1474609375
1 0.4736328125 0.4248046875 0.0400390625 0.1396484375
1 0.474609375 0.859375 0.029296875 0.1533203125
1 0.505859375 0.8935546875 0.0263671875 0.138671875
1 0.5361328125 0.8955078125 0.033203125 0.1376953125
1 0.5244140625 0.79296875 0.0302734375 0.0693359375