1 0.640625 0.7626953125 0.07421875 0.0234375
1 0.7451171875 0.87109375 0.078125 0.017578125
1 0.751953125 0.8896484375 0.078125 0.01953125
1 0.875 0.9912109375 0.07421875 0.017578125
1 0.830078125 0.990234375 0.03515625 0.01953125
1 0.8701171875 0.6826171875 0.07421875 0.015625
1 0.8271484375 0.685546875 0.05078125 0.01953125
1 0.7080078125 0.5224609375 0.0859375 0.0234375
1 0.7568359375 0.4658203125 0.0625 0.01953125
1 0.8505859375 0.423828125 0.0625 0.021484375
1 0.8583984375 0.4501953125 0.044921875 0.0390625