1 0.44140625 0.64453125 0.013671875 0.03515625
1 0.4375 0.62109375 0.025390625 0.0390625
1 0.4130859375 0.59375 0.01953125 0.05859375
1 0.3955078125 0.6025390625 0.017578125 0.06640625
1 0.4892578125 0.4931640625 0.0234375 0.046875
1 0.5439453125 0.3671875 0.01953125 0.076171875
1 0.6396484375 0.357421875 0.02734375 0.078125
1 0.6591796875 0.333984375 0.0234375 0.08203125
1 0.677734375 0.2939453125 0.01953125 0.07421875
1 0.6943359375 0.302734375 0.01953125 0.068359375
1 0.697265625 0.34375 0.013671875 0.03515625
1 0.5361328125 0.5068359375 0.01953125 0.078125
1 0.5244140625 0.5166015625 0.015625 0.0703125
1 0.5458984375 0.525390625 0.013671875 0.076171875