1 0.85546875 0.5771484375 0.0859375 0.03125
1 0.8203125 0.5546875 0.07421875 0.03125
1 0.7265625 0.5341796875 0.13671875 0.0390625
1 0.830078125 0.4599609375 0.10546875 0.01953125
1 0.8349609375 0.4404296875 0.11328125 0.017578125
1 0.8486328125 0.419921875 0.130859375 0.03515625
1 0.5927734375 0.45703125 0.123046875 0.048828125
1 0.384765625 0.341796875 0.1484375 0.05078125
1 0.5791015625 0.5634765625 0.1484375 0.03515625
1 0.5751953125 0.5263671875 0.140625 0.0390625
1 0.140625 0.525390625 0.15234375 0.029296875
1 0.1064453125 0.494140625 0.138671875 0.02734375
1 0.1044921875 0.4638671875 0.13671875 0.033203125
1 0.20703125 0.4755859375 0.0703125 0.03125