1 0.48828125 0.8876953125 0.064453125 0.01953125
1 0.505859375 0.9052734375 0.052734375 0.01953125
1 0.5361328125 0.8466796875 0.046875 0.01953125
1 0.5498046875 0.822265625 0.05859375 0.02734375
1 0.576171875 0.8271484375 0.060546875 0.01953125
1 0.6064453125 0.8583984375 0.05859375 0.015625
1 0.6083984375 0.861328125 0.03515625 0.015625
1 0.6123046875 0.859375 0.068359375 0.01953125
1 0.4482421875 0.62890625 0.046875 0.015625
1 0.4560546875 0.6298828125 0.0625 0.0234375
1 0.5146484375 0.431640625 0.0625 0.0234375
1 0.5341796875 0.4384765625 0.046875 0.05078125
1 0.5732421875 0.4404296875 0.05859375 0.015625