1 0.38671875 0.818359375 0.0234375 0.064453125
1 0.416015625 0.8486328125 0.029296875 0.05859375
1 0.4296875 0.8486328125 0.0234375 0.0546875
1 0.5380859375 0.6640625 0.021484375 0.056640625
1 0.560546875 0.65625 0.0234375 0.06640625
1 0.431640625 0.2021484375 0.0234375 0.06640625
1 0.439453125 0.20703125 0.0234375 0.07421875
1 0.4619140625 0.2109375 0.0234375 0.076171875
1 0.501953125 0.048828125 0.02734375 0.0703125
1 0.5654296875 0.0087890625 0.029296875 0.017578125
1 0.5849609375 0.0166015625 0.01953125 0.033203125