1 0.5283203125 0.3046875 0.01953125 0.0751953125
1 0.521484375 0.4306640625 0.0244140625 0.0634765625
1 0.583984375 0.5146484375 0.0224609375 0.080078125
1 0.4619140625 0.3203125 0.0166015625 0.0546875
1 0.4658203125 0.326171875 0.0146484375 0.05078125
1 0.474609375 0.3369140625 0.0166015625 0.05859375
1 0.458984375 0.4267578125 0.017578125 0.0595703125
1 0.4658203125 0.4296875 0.013671875 0.0771484375
1 0.48046875 0.431640625 0.015625 0.0751953125
1 0.4912109375 0.435546875 0.0185546875 0.0830078125
1 0.4853515625 0.6240234375 0.017578125 0.083984375
1 0.5048828125 0.63671875 0.017578125 0.0703125
1 0.51171875 0.611328125 0.013671875 0.0751953125
1 0.5224609375 0.6357421875 0.0224609375 0.0791015625