1 0.5732421875 0.5419921875 0.0703125 0.013671875
1 0.5810546875 0.572265625 0.0625 0.02734375
1 0.6845703125 0.4853515625 0.05078125 0.01953125
1 0.705078125 0.55078125 0.0703125 0.015625
1 0.49609375 0.650390625 0.076171875 0.017578125
1 0.3818359375 0.5732421875 0.091796875 0.01953125
1 0.37890625 0.5947265625 0.078125 0.015625
1 0.37109375 0.6064453125 0.076171875 0.013671875
1 0.6611328125 0.5048828125 0.046875 0.015625
1 0.5712890625 0.529296875 0.07421875 0.015625
1 0.5703125 0.521484375 0.068359375 0.015625
1 0.5751953125 0.505859375 0.0625 0.017578125