1 0.541015625 0.7392578125 0.04296875 0.017578125
1 0.580078125 0.7744140625 0.046875 0.015625
1 0.56640625 0.7568359375 0.0390625 0.01171875
1 0.5068359375 0.775390625 0.05078125 0.01953125
1 0.5205078125 0.7880859375 0.041015625 0.015625
1 0.5146484375 0.791015625 0.04296875 0.015625
1 0.4765625 0.5927734375 0.046875 0.009765625
1 0.470703125 0.591796875 0.041015625 0.0078125
1 0.60546875 0.5888671875 0.0546875 0.015625
1 0.5693359375 0.4560546875 0.04296875 0.01171875
1 0.517578125 0.4501953125 0.03515625 0.015625
1 0.5322265625 0.45703125 0.03515625 0.033203125
1 0.1298828125 0.7646484375 0.037109375 0.01171875
1 0.177734375 0.90234375 0.033203125 0.01171875
1 0.171875 0.9150390625 0.03515625 0.015625
1 0.1337890625 0.9111328125 0.021484375 0.0078125
1 0.1240234375 0.892578125 0.0234375 0.015625
1 0.1357421875 0.921875 0.02734375 0.01171875