1 0.328125 0.42578125 0.04296875 0.166015625
1 0.4736328125 0.1904296875 0.046875 0.16015625
1 0.482421875 0.18359375 0.041015625 0.146484375
1 0.4658203125 0.1904296875 0.02734375 0.16796875
1 0.5244140625 0.2109375 0.03515625 0.189453125
1 0.5810546875 0.6533203125 0.029296875 0.13671875
1 0.5615234375 0.599609375 0.04296875 0.154296875
1 0.5341796875 0.59375 0.03125 0.15234375
1 0.509765625 0.6015625 0.02734375 0.13671875
1 0.451171875 0.599609375 0.04296875 0.109375
1 0.44140625 0.845703125 0.0390625 0.13671875
1 0.4833984375 0.81640625 0.025390625 0.123046875
1 0.556640625 0.8154296875 0.033203125 0.111328125
1 0.5751953125 0.8388671875 0.02734375 0.1015625