1 0.4248046875 0.4462890625 0.0703125 0.01953125
1 0.564453125 0.4189453125 0.0703125 0.01953125
1 0.4609375 0.5322265625 0.076171875 0.017578125
1 0.46484375 0.513671875 0.06640625 0.015625
1 0.341796875 0.4775390625 0.0546875 0.01171875
1 0.326171875 0.5126953125 0.0625 0.0234375
1 0.3466796875 0.5283203125 0.03515625 0.015625
1 0.322265625 0.5380859375 0.041015625 0.017578125
1 0.6533203125 0.4873046875 0.03125 0.013671875
1 0.6953125 0.482421875 0.06640625 0.01953125
1 0.701171875 0.4970703125 0.068359375 0.015625
1 0.685546875 0.5126953125 0.080078125 0.0234375
1 0.45703125 0.4765625 0.05859375 0.01953125