1 0.5537109375 0.4306640625 0.0146484375 0.07421875
1 0.5791015625 0.427734375 0.02734375 0.0634765625
1 0.49609375 0.31640625 0.0185546875 0.0498046875
1 0.5625 0.296875 0.0166015625 0.0693359375
1 0.662109375 0.5068359375 0.017578125 0.076171875
1 0.583984375 0.623046875 0.01953125 0.0966796875
1 0.6171875 0.630859375 0.0126953125 0.0791015625
1 0.607421875 0.623046875 0.0146484375 0.0810546875
1 0.5166015625 0.3388671875 0.0166015625 0.046875
1 0.5400390625 0.4326171875 0.01953125 0.0771484375
1 0.533203125 0.431640625 0.0146484375 0.072265625
1 0.5185546875 0.427734375 0.015625 0.0625