1 0.625 0.5615234375 0.07421875 0.0234375
1 0.541015625 0.4384765625 0.05078125 0.01953125
1 0.4697265625 0.30078125 0.0703125 0.01953125
1 0.4814453125 0.2822265625 0.06640625 0.01953125
1 0.5009765625 0.4580078125 0.072265625 0.015625
1 0.513671875 0.47265625 0.08203125 0.015625
1 0.572265625 0.705078125 0.037109375 0.01171875
1 0.60546875 0.708984375 0.048828125 0.015625
1 0.615234375 0.70703125 0.060546875 0.015625
1 0.5947265625 0.6708984375 0.0703125 0.021484375
1 0.5927734375 0.646484375 0.08203125 0.0234375