1 0.099609375 0.39453125 0.044921875 0.072265625
1 0.1240234375 0.373046875 0.0859375 0.0693359375
1 0.1416015625 0.291015625 0.0498046875 0.0634765625
1 0.451171875 0.427734375 0.0361328125 0.0830078125
1 0.4931640625 0.310546875 0.04296875 0.0751953125
1 0.5146484375 0.25 0.0380859375 0.095703125
1 0.8046875 0.2353515625 0.0361328125 0.087890625
1 0.802734375 0.1708984375 0.0322265625 0.056640625
1 0.8359375 0.2509765625 0.0341796875 0.076171875
1 0.875 0.22265625 0.037109375 0.09765625
1 0.8916015625 0.1796875 0.029296875 0.0751953125
1 0.87109375 0.1435546875 0.02734375 0.06640625
1 0.8515625 0.12890625 0.0400390625 0.068359375
1 0.8251953125 0.1220703125 0.0302734375 0.0517578125