1 0.5546875 0.4609375 0.0146484375 0.078125
1 0.580078125 0.4501953125 0.0244140625 0.0576171875
1 0.4970703125 0.349609375 0.0185546875 0.0498046875
1 0.5634765625 0.3271484375 0.017578125 0.072265625
1 0.6630859375 0.5390625 0.01953125 0.0849609375
1 0.5859375 0.65625 0.01953125 0.0966796875
1 0.6083984375 0.6591796875 0.0126953125 0.0791015625
1 0.6240234375 0.6630859375 0.013671875 0.076171875
1 0.517578125 0.3701171875 0.017578125 0.0498046875
1 0.5458984375 0.462890625 0.01953125 0.0771484375
1 0.53125 0.462890625 0.015625 0.080078125
1 0.5185546875 0.458984375 0.0166015625 0.0654296875