1 0.4404296875 0.798828125 0.0234375 0.04296875
1 0.4453125 0.8232421875 0.091796875 0.01953125
1 0.5029296875 0.84375 0.109375 0.021484375
1 0.404296875 0.8095703125 0.048828125 0.02734375
1 0.6640625 0.5537109375 0.1171875 0.03515625
1 0.517578125 0.5751953125 0.11328125 0.015625
1 0.5126953125 0.5576171875 0.103515625 0.01953125
1 0.4541015625 0.5498046875 0.052734375 0.015625
1 0.6953125 0.4228515625 0.125 0.033203125
1 0.7080078125 0.3525390625 0.125 0.02734375
1 0.697265625 0.2001953125 0.109375 0.025390625
1 0.6630859375 0.181640625 0.08984375 0.021484375
1 0.6181640625 0.19921875 0.060546875 0.021484375