1 0.3271484375 0.6435546875 0.0390625 0.158203125
1 0.5224609375 0.8671875 0.03515625 0.189453125
1 0.4921875 0.2216796875 0.03515625 0.13671875
1 0.5478515625 0.4658203125 0.04296875 0.154296875
1 0.533203125 0.4638671875 0.02734375 0.13671875
1 0.4892578125 0.46484375 0.029296875 0.14453125
1 0.4541015625 0.455078125 0.04296875 0.109375
1 0.4501953125 0.2177734375 0.029296875 0.14453125
1 0.451171875 0.201171875 0.02734375 0.13671875
1 0.56640625 0.259765625 0.02734375 0.1015625
1 0.5693359375 0.2294921875 0.0390625 0.109375
1 0.46875 0.876953125 0.03515625 0.15625
1 0.4736328125 0.8759765625 0.03125 0.150390625