1 0.4716796875 0.6953125 0.01953125 0.07421875
1 0.478515625 0.5693359375 0.0234375 0.0625
1 0.416015625 0.4853515625 0.0234375 0.080078125
1 0.5380859375 0.6796875 0.015625 0.0546875
1 0.5341796875 0.673828125 0.015625 0.05078125
1 0.525390625 0.6630859375 0.015625 0.05859375
1 0.541015625 0.5732421875 0.017578125 0.05859375
1 0.5341796875 0.5703125 0.013671875 0.078125
1 0.51953125 0.568359375 0.015625 0.07421875
1 0.5087890625 0.564453125 0.01953125 0.08203125
1 0.5146484375 0.3759765625 0.017578125 0.083984375
1 0.4951171875 0.36328125 0.017578125 0.0703125
1 0.48828125 0.388671875 0.013671875 0.07421875
1 0.4775390625 0.3642578125 0.0234375 0.078125