1 0.5634765625 0.462890625 0.0185546875 0.0703125
1 0.560546875 0.416015625 0.041015625 0.0390625
1 0.5732421875 0.392578125 0.0224609375 0.0595703125
1 0.3583984375 0.328125 0.01953125 0.0703125
1 0.3583984375 0.3251953125 0.017578125 0.0546875
1 0.1474609375 0.4287109375 0.0224609375 0.0693359375
1 0.140625 0.4853515625 0.0283203125 0.0703125
1 0.080078125 0.369140625 0.0283203125 0.0703125
1 0.0595703125 0.388671875 0.0224609375 0.0537109375
1 0.1142578125 0.443359375 0.0234375 0.0703125
1 0.1005859375 0.4580078125 0.01953125 0.029296875
1 0.103515625 0.49609375 0.0224609375 0.0546875