1 0.564453125 0.6484375 0.015625 0.041015625
1 0.5556640625 0.63671875 0.015625 0.03515625
1 0.505859375 0.64453125 0.013671875 0.05078125
1 0.5 0.6474609375 0.01171875 0.05078125
1 0.5390625 0.5625 0.021484375 0.0703125
1 0.548828125 0.513671875 0.01953125 0.0703125
1 0.560546875 0.51953125 0.015625 0.0703125
1 0.5087890625 0.5185546875 0.01953125 0.0546875
1 0.49609375 0.44140625 0.01953125 0.07421875
1 0.4541015625 0.4111328125 0.01953125 0.078125
1 0.5185546875 0.279296875 0.01953125 0.0703125
1 0.5341796875 0.2724609375 0.017578125 0.07421875
1 0.5498046875 0.2861328125 0.0234375 0.08203125
1 0.5244140625 0.3173828125 0.017578125 0.037109375