1 0.6396484375 0.3857421875 0.080078125 0.02734375
1 0.7109375 0.3154296875 0.06640625 0.02734375
1 0.8408203125 0.3046875 0.04296875 0.046875
1 0.861328125 0.283203125 0.05078125 0.01953125
1 0.75390625 0.560546875 0.076171875 0.03515625
1 0.7939453125 0.55078125 0.025390625 0.015625
1 0.814453125 0.5556640625 0.03515625 0.01953125
1 0.837890625 0.55078125 0.03125 0.01953125
1 0.8759765625 0.5537109375 0.0625 0.0234375
1 0.65625 0.765625 0.07421875 0.017578125
1 0.6669921875 0.7822265625 0.080078125 0.021484375
1 0.787109375 0.87890625 0.03515625 0.021484375
1 0.8154296875 0.87890625 0.025390625 0.029296875
1 0.853515625 0.8759765625 0.0546875 0.029296875