1 0.171875 0.2529296875 0.05859375 0.029296875
1 0.17578125 0.2822265625 0.046875 0.046875
1 0.302734375 0.2880859375 0.0546875 0.02734375
1 0.369140625 0.3623046875 0.07421875 0.02734375
1 0.2431640625 0.5302734375 0.0703125 0.0234375
1 0.201171875 0.5224609375 0.03125 0.015625
1 0.177734375 0.5263671875 0.046875 0.0234375
1 0.162109375 0.517578125 0.03125 0.0234375
1 0.12109375 0.5224609375 0.06640625 0.015625
1 0.328125 0.7431640625 0.06640625 0.01953125
1 0.310546875 0.7578125 0.07421875 0.02734375
1 0.123046875 0.84765625 0.05859375 0.025390625
1 0.16015625 0.8525390625 0.046875 0.029296875
1 0.1806640625 0.8564453125 0.033203125 0.02734375