1 0.1123046875 0.48828125 0.0185546875 0.064453125
1 0.0947265625 0.505859375 0.0185546875 0.052734375
1 0.1533203125 0.5361328125 0.0205078125 0.0478515625
1 0.177734375 0.5498046875 0.0263671875 0.0595703125
1 0.1728515625 0.576171875 0.0205078125 0.060546875
1 0.1416015625 0.6064453125 0.0166015625 0.0576171875
1 0.138671875 0.6083984375 0.0166015625 0.0341796875
1 0.140625 0.6123046875 0.0205078125 0.068359375
1 0.37109375 0.4482421875 0.0146484375 0.0478515625
1 0.3701171875 0.4560546875 0.0244140625 0.0615234375
1 0.568359375 0.5146484375 0.0244140625 0.0625
1 0.5615234375 0.5341796875 0.0498046875 0.0478515625
1 0.5595703125 0.5732421875 0.0166015625 0.05859375