1 0.4248046875 0.5537109375 0.0703125 0.01953125
1 0.564453125 0.5810546875 0.0703125 0.01953125
1 0.4609375 0.4677734375 0.076171875 0.017578125
1 0.46484375 0.486328125 0.06640625 0.015625
1 0.341796875 0.5224609375 0.0546875 0.01171875
1 0.326171875 0.4873046875 0.0625 0.0234375
1 0.3466796875 0.4716796875 0.03515625 0.015625
1 0.322265625 0.4619140625 0.041015625 0.017578125
1 0.6533203125 0.5126953125 0.03125 0.013671875
1 0.6953125 0.517578125 0.06640625 0.01953125
1 0.701171875 0.5029296875 0.068359375 0.015625
1 0.685546875 0.4873046875 0.080078125 0.0234375
1 0.45703125 0.5234375 0.05859375 0.01953125