1 0.2529296875 0.828125 0.029296875 0.0576171875
1 0.2822265625 0.82421875 0.0478515625 0.0458984375
1 0.2880859375 0.697265625 0.02734375 0.0546875
1 0.3623046875 0.630859375 0.0263671875 0.0751953125
1 0.5302734375 0.7568359375 0.0224609375 0.0703125
1 0.5224609375 0.798828125 0.0166015625 0.0302734375
1 0.5263671875 0.822265625 0.0234375 0.0478515625
1 0.517578125 0.837890625 0.0224609375 0.03125
1 0.5224609375 0.87890625 0.0146484375 0.0673828125
1 0.7431640625 0.671875 0.0185546875 0.0654296875
1 0.7578125 0.689453125 0.02734375 0.07421875
1 0.84765625 0.876953125 0.025390625 0.05859375
1 0.8525390625 0.83984375 0.029296875 0.0478515625
1 0.8564453125 0.8193359375 0.0263671875 0.033203125