1 0.072265625 0.5625 0.0263671875 0.0947265625
1 0.0576171875 0.59765625 0.0244140625 0.080078125
1 0.115234375 0.611328125 0.0283203125 0.095703125
1 0.2001953125 0.662109375 0.0380859375 0.09765625
1 0.359375 0.525390625 0.01953125 0.087890625
1 0.376953125 0.533203125 0.017578125 0.09375
1 0.3974609375 0.5458984375 0.0205078125 0.0703125
1 0.40625 0.6005859375 0.0283203125 0.0849609375
1 0.6298828125 0.59375 0.025390625 0.1005859375
1 0.6494140625 0.5732421875 0.0234375 0.072265625
1 0.64453125 0.5087890625 0.0244140625 0.052734375