1 0.2978515625 0.20703125 0.01171875 0.033203125
1 0.3037109375 0.2265625 0.013671875 0.02734375
1 0.287109375 0.234375 0.013671875 0.03515625
1 0.2724609375 0.2294921875 0.015625 0.03515625
1 0.283203125 0.2099609375 0.01171875 0.02734375
1 0.2763671875 0.18359375 0.01171875 0.0234375
1 0.2783203125 0.1796875 0.01171875 0.029296875
1 0.25390625 0.275390625 0.01171875 0.025390625
1 0.2529296875 0.255859375 0.01171875 0.03125
1 0.4140625 0.2880859375 0.01171875 0.03515625
1 0.416015625 0.3056640625 0.009765625 0.0234375
1 0.5234375 0.19921875 0.015625 0.0390625
1 0.529296875 0.2412109375 0.033203125 0.03125
1 0.529296875 0.2529296875 0.01171875 0.02734375