1 0.5048828125 0.8896484375 0.068359375 0.01953125
1 0.486328125 0.9072265625 0.052734375 0.01953125
1 0.4580078125 0.8486328125 0.05078125 0.021484375
1 0.4404296875 0.82421875 0.056640625 0.025390625
1 0.4150390625 0.830078125 0.0625 0.021484375
1 0.3876953125 0.861328125 0.05859375 0.015625
1 0.380859375 0.8642578125 0.03515625 0.015625
1 0.37890625 0.8623046875 0.068359375 0.01953125
1 0.544921875 0.630859375 0.046875 0.015625
1 0.537109375 0.6318359375 0.0625 0.0234375
1 0.4775390625 0.431640625 0.0625 0.0234375
1 0.4609375 0.4384765625 0.046875 0.05078125
1 0.4228515625 0.4404296875 0.0625 0.017578125