1 0.3291015625 0.578125 0.04296875 0.166015625
1 0.462890625 0.8134765625 0.04296875 0.15234375
1 0.4892578125 0.8212890625 0.0390625 0.138671875
1 0.4716796875 0.7841796875 0.02734375 0.16796875
1 0.5263671875 0.7919921875 0.03515625 0.19921875
1 0.5830078125 0.376953125 0.029296875 0.13671875
1 0.5693359375 0.4033203125 0.04296875 0.154296875
1 0.537109375 0.4091796875 0.03125 0.15234375
1 0.5107421875 0.40234375 0.02734375 0.1328125
1 0.4521484375 0.40625 0.04296875 0.109375
1 0.4404296875 0.15625 0.0390625 0.13671875
1 0.4990234375 0.193359375 0.02734375 0.12890625
1 0.5576171875 0.1884765625 0.033203125 0.111328125
1 0.5771484375 0.1630859375 0.02734375 0.1015625