1 0.537109375 0.423828125 0.052734375 0.064453125
1 0.591796875 0.412109375 0.052734375 0.03125
1 0.482421875 0.4248046875 0.0859375 0.021484375
1 0.6357421875 0.6630859375 0.07421875 0.01953125
1 0.6494140625 0.6611328125 0.056640625 0.01953125
1 0.59375 0.9814453125 0.076171875 0.03515625
1 0.5234375 0.91015625 0.07421875 0.03125
1 0.4609375 0.88671875 0.080078125 0.02734375
1 0.44140625 0.984375 0.09375 0.03125
1 0.4716796875 0.95703125 0.08984375 0.033203125
1 0.5068359375 0.9501953125 0.078125 0.02734375