1 0.3466796875 0.3759765625 0.0263671875 0.087890625
1 0.2958984375 0.4658203125 0.021484375 0.0576171875
1 0.3251953125 0.4716796875 0.04296875 0.052734375
1 0.4111328125 0.3251953125 0.0263671875 0.099609375
1 0.5927734375 0.4404296875 0.021484375 0.091796875
1 0.5947265625 0.40234375 0.0185546875 0.0380859375
1 0.796875 0.3203125 0.0185546875 0.0830078125
1 0.8173828125 0.330078125 0.0234375 0.0869140625
1 0.935546875 0.4228515625 0.021484375 0.0771484375
1 0.9404296875 0.396484375 0.013671875 0.0380859375
1 0.9365234375 0.3720703125 0.017578125 0.0400390625
1 0.6845703125 0.2412109375 0.029296875 0.0869140625