1 0.8837890625 0.5908203125 0.03125 0.109375
1 0.80078125 0.6318359375 0.0390625 0.111328125
1 0.943359375 0.5146484375 0.02734375 0.1015625
1 0.9609375 0.5595703125 0.03515625 0.1015625
1 0.580078125 0.5732421875 0.03125 0.1015625
1 0.578125 0.4921875 0.01953125 0.091796875
1 0.5751953125 0.4921875 0.02734375 0.08203125
1 0.3095703125 0.59765625 0.03125 0.12890625
1 0.287109375 0.5224609375 0.01953125 0.06640625
1 0.279296875 0.5048828125 0.07421875 0.0390625
1 0.2724609375 0.474609375 0.017578125 0.056640625