1 0.115234375 0.4892578125 0.01953125 0.068359375
1 0.0947265625 0.5078125 0.0185546875 0.052734375
1 0.1552734375 0.53515625 0.021484375 0.05078125
1 0.181640625 0.5458984375 0.025390625 0.056640625
1 0.1748046875 0.5888671875 0.021484375 0.0634765625
1 0.140625 0.603515625 0.0166015625 0.0576171875
1 0.1396484375 0.6005859375 0.013671875 0.02734375
1 0.1416015625 0.611328125 0.01953125 0.064453125
1 0.3720703125 0.4453125 0.0146484375 0.0478515625
1 0.3720703125 0.451171875 0.0244140625 0.0615234375
1 0.5712890625 0.515625 0.0244140625 0.0625
1 0.5625 0.5322265625 0.0498046875 0.0478515625
1 0.5615234375 0.5703125 0.0166015625 0.05859375