1 0.5537109375 0.4248046875 0.01953125 0.0703125
1 0.5810546875 0.564453125 0.0205078125 0.0703125
1 0.4677734375 0.4609375 0.017578125 0.076171875
1 0.486328125 0.46484375 0.0166015625 0.06640625
1 0.5224609375 0.341796875 0.0126953125 0.0537109375
1 0.4873046875 0.326171875 0.0224609375 0.0625
1 0.4716796875 0.3466796875 0.0146484375 0.0341796875
1 0.4619140625 0.322265625 0.017578125 0.041015625
1 0.5126953125 0.6533203125 0.013671875 0.0322265625
1 0.517578125 0.6953125 0.0205078125 0.06640625
1 0.5029296875 0.701171875 0.0166015625 0.068359375
1 0.4873046875 0.685546875 0.0224609375 0.080078125
1 0.5234375 0.45703125 0.01953125 0.0595703125