1 0.4990234375 0.7978515625 0.033203125 0.13671875
1 0.4462890625 0.8173828125 0.0361328125 0.1318359375
1 0.2880859375 0.90625 0.025390625 0.1025390625
1 0.2568359375 0.9072265625 0.0263671875 0.109375
1 0.2509765625 0.8203125 0.02734375 0.0615234375
1 0.6220703125 0.744140625 0.03515625 0.1259765625
1 0.5234375 0.5263671875 0.03515625 0.109375
1 0.509765625 0.5263671875 0.02734375 0.1015625
1 0.4931640625 0.5068359375 0.0166015625 0.1083984375
1 0.4755859375 0.5146484375 0.0224609375 0.1064453125
1 0.720703125 0.40625 0.0224609375 0.0888671875
1 0.712890625 0.3349609375 0.021484375 0.080078125
1 0.6416015625 0.373046875 0.0380859375 0.05078125
1 0.638671875 0.3369140625 0.029296875 0.0576171875