1 0.3955078125 0.83203125 0.0244140625 0.064453125
1 0.421875 0.859375 0.0283203125 0.0556640625
1 0.435546875 0.8623046875 0.021484375 0.0517578125
1 0.5341796875 0.69140625 0.0224609375 0.0595703125
1 0.5537109375 0.6787109375 0.0224609375 0.0625
1 0.4375 0.2626953125 0.0234375 0.0654296875
1 0.443359375 0.2666015625 0.021484375 0.0703125
1 0.458984375 0.28125 0.021484375 0.072265625
1 0.4814453125 0.0498046875 0.02734375 0.0703125
1 0.5625 0.0576171875 0.02734375 0.06640625
1 0.583984375 0.078125 0.01953125 0.072265625