1 0.69140625 0.3466796875 0.03515625 0.0625
1 0.6279296875 0.294921875 0.02734375 0.068359375
1 0.6103515625 0.2861328125 0.02734375 0.0625
1 0.333984375 0.5537109375 0.03515625 0.07421875
1 0.3095703125 0.6044921875 0.033203125 0.0703125
1 0.271484375 0.6318359375 0.03125 0.06640625
1 0.240234375 0.609375 0.041015625 0.060546875
1 0.244140625 0.5556640625 0.029296875 0.05078125
1 0.2568359375 0.505859375 0.0234375 0.0625
1 0.2783203125 0.4814453125 0.0390625 0.06640625
1 0.3154296875 0.5009765625 0.046875 0.064453125