1 0.6748046875 0.56640625 0.04296875 0.166015625
1 0.478515625 0.7841796875 0.033203125 0.1796875
1 0.462890625 0.1708984375 0.03515625 0.12890625
1 0.4482421875 0.404296875 0.0390625 0.1484375
1 0.4677734375 0.39453125 0.02734375 0.13671875
1 0.5048828125 0.39453125 0.029296875 0.14453125
1 0.548828125 0.3857421875 0.04296875 0.109375
1 0.5595703125 0.134765625 0.02734375 0.13671875
1 0.546875 0.177734375 0.02734375 0.13671875
1 0.4287109375 0.234375 0.029296875 0.111328125
1 0.423828125 0.15625 0.037109375 0.1015625
1 0.529296875 0.7939453125 0.03515625 0.1484375
1 0.53515625 0.80078125 0.03125 0.150390625