1 0.7646484375 0.6279296875 0.01953125 0.087890625
1 0.740234375 0.6123046875 0.025390625 0.091796875
1 0.80078125 0.6005859375 0.015625 0.0390625
1 0.8076171875 0.6396484375 0.015625 0.072265625
1 0.7978515625 0.6533203125 0.015625 0.06640625
1 0.6513671875 0.6455078125 0.02734375 0.07421875
1 0.568359375 0.517578125 0.017578125 0.078125
1 0.5517578125 0.51171875 0.015625 0.078125
1 0.5341796875 0.5458984375 0.0234375 0.07421875
1 0.4013671875 0.4423828125 0.044921875 0.0390625
1 0.3994140625 0.4951171875 0.017578125 0.0703125
1 0.3798828125 0.484375 0.021484375 0.0703125
1 0.4033203125 0.4140625 0.0234375 0.0390625