1 0.5673828125 0.818359375 0.07421875 0.02734375
1 0.5205078125 0.7412109375 0.0703125 0.02734375
1 0.568359375 0.8564453125 0.06640625 0.021484375
1 0.583984375 0.8515625 0.06640625 0.017578125
1 0.6015625 0.6396484375 0.076171875 0.0234375
1 0.5830078125 0.5849609375 0.021484375 0.0078125
1 0.6044921875 0.5927734375 0.0625 0.015625
1 0.5986328125 0.587890625 0.056640625 0.01171875
1 0.5576171875 0.576171875 0.0546875 0.02734375
1 0.626953125 0.37890625 0.03515625 0.015625
1 0.603515625 0.3896484375 0.0234375 0.044921875
1 0.5673828125 0.390625 0.06640625 0.015625
1 0.5732421875 0.375 0.044921875 0.01953125