1 0.58984375 0.53125 0.072265625 0.021484375
1 0.6142578125 0.4423828125 0.0625 0.025390625
1 0.6953125 0.384765625 0.04296875 0.02734375
1 0.7119140625 0.404296875 0.05859375 0.0390625
1 0.8310546875 0.642578125 0.0703125 0.029296875
1 0.857421875 0.619140625 0.04296875 0.02734375
1 0.8359375 0.6455078125 0.05078125 0.015625
1 0.89453125 0.6162109375 0.03125 0.015625
1 0.927734375 0.5986328125 0.05859375 0.03125
1 0.91796875 0.8740234375 0.0625 0.01953125
1 0.9462890625 0.8837890625 0.0625 0.029296875