1 0.171875 0.7470703125 0.05859375 0.029296875
1 0.17578125 0.7177734375 0.046875 0.046875
1 0.302734375 0.7119140625 0.0546875 0.02734375
1 0.369140625 0.6376953125 0.07421875 0.02734375
1 0.2431640625 0.4697265625 0.0703125 0.0234375
1 0.201171875 0.4775390625 0.03125 0.015625
1 0.177734375 0.4736328125 0.046875 0.0234375
1 0.162109375 0.482421875 0.03125 0.0234375
1 0.12109375 0.4775390625 0.06640625 0.015625
1 0.328125 0.2568359375 0.06640625 0.01953125
1 0.310546875 0.2421875 0.07421875 0.02734375
1 0.123046875 0.15234375 0.05859375 0.025390625
1 0.16015625 0.1474609375 0.046875 0.029296875
1 0.1806640625 0.1435546875 0.033203125 0.02734375