1 0.4375 0.927734375 0.09375 0.02734375
1 0.40234375 0.9423828125 0.080078125 0.025390625
1 0.388671875 0.884765625 0.095703125 0.029296875
1 0.337890625 0.7998046875 0.09765625 0.0390625
1 0.474609375 0.640625 0.087890625 0.01953125
1 0.466796875 0.623046875 0.09375 0.017578125
1 0.4541015625 0.6025390625 0.0703125 0.01953125
1 0.3994140625 0.59375 0.0859375 0.02734375
1 0.40625 0.3701171875 0.1015625 0.025390625
1 0.4267578125 0.3505859375 0.072265625 0.0234375
1 0.4912109375 0.35546875 0.052734375 0.0234375