1 0.4384765625 0.375 0.0234375 0.07421875
1 0.5615234375 0.458984375 0.01953125 0.05078125
1 0.69921875 0.5302734375 0.01953125 0.0703125
1 0.7177734375 0.5185546875 0.01953125 0.06640625
1 0.5419921875 0.4990234375 0.015625 0.072265625
1 0.52734375 0.486328125 0.015625 0.08203125
1 0.294921875 0.427734375 0.01171875 0.037109375
1 0.291015625 0.39453125 0.015625 0.048828125
1 0.29296875 0.384765625 0.015625 0.060546875
1 0.3291015625 0.4052734375 0.021484375 0.0703125
1 0.353515625 0.4072265625 0.0234375 0.08203125