1 0.3515625 0.564453125 0.041015625 0.015625
1 0.36328125 0.5556640625 0.03515625 0.015625
1 0.35546875 0.505859375 0.05078125 0.013671875
1 0.3525390625 0.5 0.05078125 0.01171875
1 0.4375 0.5390625 0.0703125 0.021484375
1 0.486328125 0.548828125 0.0703125 0.01953125
1 0.48046875 0.560546875 0.0703125 0.015625
1 0.4814453125 0.5087890625 0.0546875 0.01953125
1 0.55859375 0.49609375 0.07421875 0.01953125
1 0.5888671875 0.4541015625 0.078125 0.01953125
1 0.720703125 0.5185546875 0.0703125 0.01953125
1 0.7275390625 0.5341796875 0.07421875 0.017578125
1 0.7138671875 0.5498046875 0.08203125 0.0234375
1 0.6826171875 0.5244140625 0.037109375 0.017578125