1 0.4931640625 0.494140625 0.0224609375 0.0888671875
1 0.4931640625 0.435546875 0.025390625 0.0478515625
1 0.62890625 0.69140625 0.0205078125 0.091796875
1 0.7890625 0.5634765625 0.0244140625 0.0849609375
1 0.7626953125 0.505859375 0.052734375 0.0693359375
1 0.7763671875 0.453125 0.029296875 0.0615234375
1 0.201171875 0.791015625 0.0341796875 0.1005859375
1 0.2041015625 0.693359375 0.037109375 0.0908203125
1 0.1806640625 0.73828125 0.0380859375 0.0849609375
1 0.1630859375 0.78515625 0.0361328125 0.10546875
1 0.1435546875 0.6943359375 0.0322265625 0.0859375
1 0.1015625 0.6884765625 0.0380859375 0.0830078125
1 0.076171875 0.6826171875 0.03125 0.0869140625
1 0.0849609375 0.6318359375 0.0263671875 0.0537109375