1 0.4580078125 0.4267578125 0.013671875 0.0703125
1 0.427734375 0.4189453125 0.02734375 0.0625
1 0.5146484375 0.3154296875 0.01953125 0.05078125
1 0.44921875 0.294921875 0.015625 0.0703125
1 0.349609375 0.50390625 0.017578125 0.076171875
1 0.4267578125 0.6181640625 0.01953125 0.091796875
1 0.4052734375 0.62109375 0.015625 0.078125
1 0.3935546875 0.62890625 0.013671875 0.076171875
1 0.4951171875 0.3388671875 0.015625 0.046875
1 0.470703125 0.4287109375 0.015625 0.07421875
1 0.478515625 0.4296875 0.015625 0.068359375
1 0.494140625 0.4248046875 0.017578125 0.0625