1 0.3212890625 0.240234375 0.07421875 0.0234375
1 0.2177734375 0.126953125 0.078125 0.017578125
1 0.2060546875 0.1123046875 0.078125 0.01953125
1 0.091796875 0.0126953125 0.07421875 0.015625
1 0.1328125 0.009765625 0.033203125 0.017578125
1 0.08984375 0.3173828125 0.07421875 0.015625
1 0.126953125 0.31640625 0.05078125 0.01953125
1 0.25 0.474609375 0.091796875 0.0234375
1 0.203125 0.5322265625 0.06640625 0.021484375
1 0.1025390625 0.5732421875 0.068359375 0.01953125
1 0.1083984375 0.5498046875 0.04296875 0.0390625