1 0.55859375 0.35546875 0.013671875 0.0341796875
1 0.5625 0.37890625 0.025390625 0.0380859375
1 0.5869140625 0.40625 0.0205078125 0.0576171875
1 0.6044921875 0.3974609375 0.017578125 0.0673828125
1 0.5107421875 0.5068359375 0.0244140625 0.0478515625
1 0.4560546875 0.6328125 0.0205078125 0.076171875
1 0.3603515625 0.642578125 0.0263671875 0.0771484375
1 0.3408203125 0.666015625 0.0224609375 0.08203125
1 0.322265625 0.7060546875 0.0185546875 0.07421875
1 0.3056640625 0.697265625 0.0185546875 0.068359375
1 0.302734375 0.65625 0.013671875 0.0341796875
1 0.4638671875 0.4931640625 0.0185546875 0.0771484375
1 0.4755859375 0.4833984375 0.0146484375 0.0703125
1 0.4541015625 0.474609375 0.013671875 0.076171875