1 0.478515625 0.4423828125 0.07421875 0.015625
1 0.4814453125 0.4287109375 0.07421875 0.015625
1 0.4580078125 0.41796875 0.0625 0.015625
1 0.48046875 0.3916015625 0.0546875 0.0234375
1 0.3603515625 0.3818359375 0.0546875 0.01171875
1 0.35546875 0.3720703125 0.06640625 0.015625
1 0.3427734375 0.439453125 0.03515625 0.01953125
1 0.361328125 0.4296875 0.04296875 0.015625
1 0.5888671875 0.3896484375 0.072265625 0.01953125
1 0.599609375 0.3427734375 0.072265625 0.015625
1 0.705078125 0.4453125 0.078125 0.01953125
1 0.7216796875 0.4306640625 0.07421875 0.015625
1 0.685546875 0.4169921875 0.04296875 0.01171875
1 0.71875 0.4111328125 0.068359375 0.01953125