1 0.6865234375 0.6044921875 0.0224609375 0.0771484375
1 0.7373046875 0.6162109375 0.017578125 0.0859375
1 0.6943359375 0.4873046875 0.0205078125 0.0517578125
1 0.701171875 0.3671875 0.0126953125 0.060546875
1 0.7119140625 0.36328125 0.01171875 0.0595703125
1 0.6533203125 0.365234375 0.013671875 0.037109375
1 0.64453125 0.33984375 0.017578125 0.0400390625
1 0.63671875 0.478515625 0.013671875 0.072265625
1 0.650390625 0.4921875 0.0166015625 0.0703125
1 0.66015625 0.4638671875 0.015625 0.0625
1 0.62890625 0.7138671875 0.017578125 0.0771484375
1 0.64453125 0.732421875 0.0146484375 0.0654296875
1 0.6552734375 0.697265625 0.0107421875 0.056640625
1 0.6640625 0.73046875 0.0126953125 0.0703125