1 0.2021484375 0.4990234375 0.13671875 0.033203125
1 0.1826171875 0.4462890625 0.1328125 0.03515625
1 0.09375 0.2880859375 0.1015625 0.025390625
1 0.0927734375 0.2568359375 0.109375 0.02734375
1 0.1796875 0.2509765625 0.0625 0.02734375
1 0.255859375 0.6220703125 0.125 0.03515625
1 0.4736328125 0.5234375 0.109375 0.03515625
1 0.4736328125 0.509765625 0.1015625 0.02734375
1 0.4931640625 0.4931640625 0.109375 0.015625
1 0.4853515625 0.4755859375 0.10546875 0.0234375
1 0.59375 0.720703125 0.08984375 0.0234375
1 0.6650390625 0.712890625 0.080078125 0.021484375
1 0.626953125 0.6416015625 0.05078125 0.0390625
1 0.6630859375 0.638671875 0.05859375 0.029296875