1 0.6748046875 0.646484375 0.015625 0.087890625
1 0.591796875 0.7255859375 0.0234375 0.09375
1 0.6162109375 0.7314453125 0.015625 0.087890625
1 0.62890625 0.734375 0.015625 0.08984375
1 0.568359375 0.51171875 0.01953125 0.0703125
1 0.5595703125 0.595703125 0.015625 0.078125
1 0.5458984375 0.5986328125 0.017578125 0.0859375
1 0.5322265625 0.5966796875 0.015625 0.078125
1 0.5185546875 0.5966796875 0.013671875 0.0703125
1 0.5810546875 0.6025390625 0.0234375 0.052734375
1 0.498046875 0.53125 0.017578125 0.044921875