1 0.53125 0.58984375 0.021484375 0.072265625
1 0.4423828125 0.6142578125 0.025390625 0.0615234375
1 0.384765625 0.6953125 0.02734375 0.0419921875
1 0.404296875 0.7119140625 0.0380859375 0.0595703125
1 0.642578125 0.8310546875 0.029296875 0.0703125
1 0.619140625 0.857421875 0.0283203125 0.04296875
1 0.6455078125 0.8359375 0.0166015625 0.05078125
1 0.6162109375 0.89453125 0.0166015625 0.0302734375
1 0.5986328125 0.927734375 0.0302734375 0.0576171875
1 0.8740234375 0.91796875 0.0205078125 0.0625
1 0.8837890625 0.9462890625 0.029296875 0.0625