1 0.41015625 0.46875 0.072265625 0.021484375
1 0.3857421875 0.5576171875 0.0625 0.025390625
1 0.3046875 0.615234375 0.04296875 0.02734375
1 0.2880859375 0.595703125 0.05859375 0.0390625
1 0.1689453125 0.357421875 0.0703125 0.029296875
1 0.142578125 0.380859375 0.04296875 0.02734375
1 0.1640625 0.3544921875 0.05078125 0.015625
1 0.10546875 0.3837890625 0.03125 0.015625
1 0.072265625 0.4013671875 0.05859375 0.03125
1 0.08203125 0.1259765625 0.0625 0.01953125
1 0.0537109375 0.1162109375 0.0625 0.029296875