1 0.5595703125 0.798828125 0.0234375 0.04296875
1 0.5546875 0.8232421875 0.091796875 0.01953125
1 0.4970703125 0.84375 0.109375 0.021484375
1 0.595703125 0.8095703125 0.048828125 0.02734375
1 0.3359375 0.5537109375 0.1171875 0.03515625
1 0.482421875 0.5751953125 0.11328125 0.015625
1 0.4873046875 0.5576171875 0.103515625 0.01953125
1 0.5458984375 0.5498046875 0.052734375 0.015625
1 0.3046875 0.4228515625 0.125 0.033203125
1 0.2919921875 0.3525390625 0.125 0.02734375
1 0.302734375 0.2001953125 0.109375 0.025390625
1 0.3369140625 0.181640625 0.08984375 0.021484375
1 0.3818359375 0.19921875 0.060546875 0.021484375