1 0.8447265625 0.607421875 0.10546875 0.01953125
1 0.892578125 0.5947265625 0.125 0.0234375
1 0.91015625 0.560546875 0.11328125 0.0234375
1 0.8046875 0.412109375 0.140625 0.0234375
1 0.794921875 0.365234375 0.11328125 0.025390625
1 0.7314453125 0.248046875 0.126953125 0.0390625
1 0.5234375 0.3720703125 0.109375 0.02734375
1 0.525390625 0.3857421875 0.1015625 0.0234375
1 0.5078125 0.4052734375 0.09765625 0.015625
1 0.5029296875 0.419921875 0.095703125 0.0234375
1 0.3359375 0.2080078125 0.0859375 0.025390625
1 0.390625 0.185546875 0.091796875 0.02734375
1 0.3603515625 0.2783203125 0.0625 0.04296875
1 0.3271484375 0.2861328125 0.046875 0.02734375