1 0.6728515625 0.6435546875 0.0400390625 0.158203125
1 0.4775390625 0.8671875 0.0341796875 0.189453125
1 0.5078125 0.2216796875 0.0361328125 0.1357421875
1 0.4521484375 0.4658203125 0.0419921875 0.154296875
1 0.466796875 0.4638671875 0.0283203125 0.1376953125
1 0.5107421875 0.46484375 0.029296875 0.1455078125
1 0.5458984375 0.455078125 0.04296875 0.1083984375
1 0.5498046875 0.2177734375 0.029296875 0.1435546875
1 0.548828125 0.201171875 0.02734375 0.1357421875
1 0.43359375 0.259765625 0.0263671875 0.1015625
1 0.4306640625 0.2294921875 0.0400390625 0.1083984375
1 0.53125 0.876953125 0.0361328125 0.15625
1 0.5263671875 0.8759765625 0.0322265625 0.150390625