1 0.2119140625 0.4453125 0.04296875 0.0810546875
1 0.34375 0.3974609375 0.03125 0.060546875
1 0.3544921875 0.369140625 0.0263671875 0.0595703125
1 0.5634765625 0.251953125 0.0322265625 0.0703125
1 0.5595703125 0.1875 0.025390625 0.06640625
1 0.5810546875 0.1416015625 0.0263671875 0.0751953125
1 0.6064453125 0.14453125 0.029296875 0.078125
1 0.6337890625 0.1455078125 0.0224609375 0.0634765625
1 0.6494140625 0.1953125 0.0244140625 0.0576171875
1 0.6201171875 0.2421875 0.0341796875 0.0625
1 0.5927734375 0.265625 0.02734375 0.0859375