1 0.3251953125 0.4287109375 0.04296875 0.166015625
1 0.521484375 0.2109375 0.033203125 0.1796875
1 0.5732421875 0.71875 0.02734375 0.123046875
1 0.5537109375 0.5966796875 0.0390625 0.1484375
1 0.5322265625 0.6005859375 0.02734375 0.13671875
1 0.5087890625 0.6025390625 0.02734375 0.13671875
1 0.4482421875 0.6103515625 0.04296875 0.109375
1 0.4482421875 0.8408203125 0.04296875 0.14453125
1 0.45703125 0.8203125 0.02734375 0.13671875
1 0.55859375 0.8125 0.033203125 0.111328125
1 0.5732421875 0.8427734375 0.02734375 0.1015625
1 0.482421875 0.1923828125 0.03515625 0.1484375
1 0.462890625 0.1904296875 0.03125 0.150390625