1 0.494140625 0.5068359375 0.08984375 0.0234375
1 0.435546875 0.5068359375 0.046875 0.025390625
1 0.69140625 0.37109375 0.091796875 0.01953125
1 0.5634765625 0.2109375 0.0859375 0.0234375
1 0.505859375 0.2373046875 0.0703125 0.052734375
1 0.453125 0.2236328125 0.0625 0.029296875
1 0.791015625 0.798828125 0.1015625 0.03515625
1 0.693359375 0.7958984375 0.08984375 0.037109375
1 0.73828125 0.8193359375 0.0859375 0.0390625
1 0.78515625 0.8369140625 0.10546875 0.03515625
1 0.6943359375 0.8564453125 0.0859375 0.033203125
1 0.6884765625 0.8984375 0.08203125 0.0390625
1 0.6826171875 0.923828125 0.0859375 0.03125
1 0.6318359375 0.9150390625 0.0546875 0.02734375