1 0.2607421875 0.541015625 0.017578125 0.04296875
1 0.2255859375 0.580078125 0.015625 0.046875
1 0.2431640625 0.56640625 0.01171875 0.0390625
1 0.224609375 0.5068359375 0.01953125 0.05078125
1 0.2119140625 0.5205078125 0.015625 0.041015625
1 0.208984375 0.5146484375 0.015625 0.04296875
1 0.4072265625 0.4765625 0.009765625 0.046875
1 0.408203125 0.470703125 0.0078125 0.041015625
1 0.4111328125 0.60546875 0.015625 0.0546875
1 0.5439453125 0.5693359375 0.01171875 0.04296875
1 0.5498046875 0.517578125 0.015625 0.03515625
1 0.54296875 0.5322265625 0.033203125 0.03515625
1 0.2353515625 0.1298828125 0.01171875 0.037109375
1 0.09765625 0.177734375 0.01171875 0.033203125
1 0.0849609375 0.171875 0.015625 0.03515625
1 0.0888671875 0.1337890625 0.0078125 0.021484375
1 0.107421875 0.1240234375 0.015625 0.0234375
1 0.078125 0.1357421875 0.01171875 0.02734375