1 0.6826171875 0.3720703125 0.013671875 0.0576171875
1 0.6923828125 0.3662109375 0.013671875 0.0595703125
1 0.6279296875 0.345703125 0.0166015625 0.03125
1 0.634765625 0.3671875 0.0166015625 0.037109375
1 0.60546875 0.4794921875 0.017578125 0.0693359375
1 0.6201171875 0.4912109375 0.0185546875 0.072265625
1 0.6318359375 0.47265625 0.01171875 0.056640625
1 0.6611328125 0.4921875 0.025390625 0.0703125
1 0.634765625 0.6376953125 0.0234375 0.0830078125
1 0.6943359375 0.6201171875 0.0166015625 0.0771484375
1 0.6142578125 0.734375 0.021484375 0.07421875
1 0.609375 0.6943359375 0.017578125 0.0380859375
1 0.5927734375 0.734375 0.017578125 0.0703125
1 0.5810546875 0.7109375 0.021484375 0.0810546875