1 0.2021484375 0.2978515625 0.03515625 0.0625
1 0.181640625 0.3671875 0.0703125 0.056640625
1 0.15234375 0.4013671875 0.0390625 0.078125
1 0.509765625 0.4306640625 0.02734375 0.0703125
1 0.5478515625 0.326171875 0.029296875 0.0703125
1 0.552734375 0.296875 0.0234375 0.0546875
1 0.86328125 0.2373046875 0.033203125 0.08203125
1 0.8994140625 0.255859375 0.041015625 0.08203125
1 0.9423828125 0.2275390625 0.033203125 0.076171875
1 0.951171875 0.177734375 0.033203125 0.044921875
1 0.9326171875 0.1455078125 0.0234375 0.0546875
1 0.9111328125 0.1220703125 0.03125 0.0546875
1 0.88671875 0.125 0.03125 0.060546875
1 0.859375 0.1787109375 0.03125 0.05859375