1 0.392578125 0.8447265625 0.01953125 0.10546875
1 0.4052734375 0.892578125 0.0224609375 0.1240234375
1 0.439453125 0.91015625 0.0234375 0.1142578125
1 0.587890625 0.8046875 0.0244140625 0.1416015625
1 0.634765625 0.794921875 0.025390625 0.11328125
1 0.751953125 0.7314453125 0.0390625 0.126953125
1 0.6279296875 0.5234375 0.0283203125 0.1103515625
1 0.6142578125 0.525390625 0.0224609375 0.1005859375
1 0.5947265625 0.5078125 0.0146484375 0.0986328125
1 0.580078125 0.5029296875 0.0224609375 0.095703125
1 0.7919921875 0.3359375 0.025390625 0.0849609375
1 0.814453125 0.390625 0.02734375 0.091796875
1 0.7216796875 0.3603515625 0.0439453125 0.0625
1 0.7138671875 0.3271484375 0.0283203125 0.0458984375