1 0.30859375 0.3466796875 0.0361328125 0.0615234375
1 0.3720703125 0.294921875 0.02734375 0.068359375
1 0.3896484375 0.2861328125 0.0283203125 0.0634765625
1 0.666015625 0.5537109375 0.03515625 0.07421875
1 0.6904296875 0.6044921875 0.033203125 0.0703125
1 0.728515625 0.6318359375 0.0322265625 0.0654296875
1 0.759765625 0.609375 0.041015625 0.060546875
1 0.755859375 0.5556640625 0.029296875 0.05078125
1 0.7431640625 0.505859375 0.0244140625 0.0625
1 0.7216796875 0.4814453125 0.0380859375 0.0673828125
1 0.6845703125 0.5009765625 0.046875 0.064453125