1 0.30859375 0.6533203125 0.03515625 0.0625
1 0.3720703125 0.705078125 0.02734375 0.068359375
1 0.3896484375 0.7138671875 0.02734375 0.0625
1 0.666015625 0.4462890625 0.03515625 0.07421875
1 0.6904296875 0.3955078125 0.033203125 0.0703125
1 0.728515625 0.3681640625 0.03125 0.06640625
1 0.759765625 0.390625 0.041015625 0.060546875
1 0.755859375 0.4443359375 0.029296875 0.05078125
1 0.7431640625 0.494140625 0.0234375 0.0625
1 0.7216796875 0.5185546875 0.0390625 0.06640625
1 0.6845703125 0.4990234375 0.046875 0.064453125