1 0.6708984375 0.578125 0.0419921875 0.166015625
1 0.537109375 0.8134765625 0.0439453125 0.1513671875
1 0.5107421875 0.8212890625 0.0380859375 0.138671875
1 0.5283203125 0.7841796875 0.0263671875 0.16796875
1 0.4736328125 0.7919921875 0.0361328125 0.1982421875
1 0.4169921875 0.376953125 0.029296875 0.1357421875
1 0.4306640625 0.4033203125 0.0419921875 0.154296875
1 0.462890625 0.4091796875 0.0322265625 0.1513671875
1 0.4892578125 0.40234375 0.0263671875 0.1318359375
1 0.5478515625 0.40625 0.04296875 0.1083984375
1 0.5595703125 0.15625 0.0400390625 0.13671875
1 0.5009765625 0.193359375 0.0263671875 0.1298828125
1 0.4423828125 0.1884765625 0.033203125 0.111328125
1 0.4228515625 0.1630859375 0.02734375 0.1025390625