1 0.392578125 0.1552734375 0.01953125 0.10546875
1 0.4052734375 0.107421875 0.0234375 0.125
1 0.439453125 0.08984375 0.0234375 0.11328125
1 0.587890625 0.1953125 0.0234375 0.140625
1 0.634765625 0.205078125 0.025390625 0.11328125
1 0.751953125 0.2685546875 0.0390625 0.126953125
1 0.6279296875 0.4765625 0.02734375 0.109375
1 0.6142578125 0.474609375 0.0234375 0.1015625
1 0.5947265625 0.4921875 0.015625 0.09765625
1 0.580078125 0.4970703125 0.0234375 0.095703125
1 0.7919921875 0.6640625 0.025390625 0.0859375
1 0.814453125 0.609375 0.02734375 0.091796875
1 0.7216796875 0.6396484375 0.04296875 0.0625
1 0.7138671875 0.6728515625 0.02734375 0.046875