1 0.4228515625 0.45703125 0.0703125 0.05859375
1 0.412109375 0.40234375 0.03125 0.052734375
1 0.4267578125 0.5078125 0.01953125 0.08203125
1 0.6630859375 0.357421875 0.021484375 0.078125
1 0.662109375 0.349609375 0.01953125 0.05859375
1 0.982421875 0.3984375 0.03515625 0.076171875
1 0.912109375 0.4736328125 0.03125 0.07421875
1 0.85546875 0.533203125 0.02734375 0.080078125
1 0.9833984375 0.546875 0.03125 0.09375
1 0.95703125 0.5205078125 0.03125 0.08984375
1 0.94921875 0.48828125 0.02734375 0.08203125