1 0.2978515625 0.79296875 0.01171875 0.033203125
1 0.3037109375 0.7734375 0.013671875 0.02734375
1 0.287109375 0.765625 0.013671875 0.03515625
1 0.2724609375 0.7705078125 0.015625 0.03515625
1 0.283203125 0.7900390625 0.01171875 0.02734375
1 0.2763671875 0.81640625 0.01171875 0.0234375
1 0.2783203125 0.8203125 0.01171875 0.029296875
1 0.25390625 0.724609375 0.01171875 0.025390625
1 0.2529296875 0.744140625 0.01171875 0.03125
1 0.4140625 0.7119140625 0.01171875 0.03515625
1 0.416015625 0.6943359375 0.009765625 0.0234375
1 0.5234375 0.80078125 0.015625 0.0390625
1 0.529296875 0.7587890625 0.033203125 0.03125
1 0.529296875 0.7470703125 0.01171875 0.02734375