1 0.677734375 0.6328125 0.0244140625 0.0810546875
1 0.7353515625 0.62109375 0.017578125 0.0771484375
1 0.69921875 0.4892578125 0.0205078125 0.0517578125
1 0.716796875 0.3720703125 0.0126953125 0.060546875
1 0.72265625 0.3671875 0.0146484375 0.056640625
1 0.669921875 0.3671875 0.013671875 0.0390625
1 0.6611328125 0.35546875 0.01953125 0.0439453125
1 0.6689453125 0.478515625 0.0126953125 0.0654296875
1 0.6435546875 0.48046875 0.01953125 0.0732421875
1 0.658203125 0.4892578125 0.017578125 0.0654296875
1 0.6376953125 0.73046875 0.015625 0.0703125
1 0.6220703125 0.71484375 0.015625 0.076171875
1 0.654296875 0.693359375 0.0166015625 0.03515625
1 0.6572265625 0.7353515625 0.01953125 0.064453125