1 0.5419921875 0.73828125 0.044921875 0.01953125
1 0.58203125 0.7724609375 0.046875 0.015625
1 0.5673828125 0.755859375 0.041015625 0.01171875
1 0.5078125 0.7724609375 0.046875 0.017578125
1 0.521484375 0.78515625 0.0390625 0.015625
1 0.515625 0.7900390625 0.04296875 0.015625
1 0.4794921875 0.591796875 0.046875 0.009765625
1 0.46875 0.58984375 0.0390625 0.0078125
1 0.609375 0.603515625 0.0546875 0.015625
1 0.5703125 0.4560546875 0.04296875 0.01171875
1 0.515625 0.44921875 0.03515625 0.015625
1 0.53515625 0.45703125 0.03515625 0.033203125
1 0.12890625 0.763671875 0.037109375 0.01171875
1 0.1787109375 0.9013671875 0.037109375 0.01171875
1 0.173828125 0.9140625 0.03515625 0.015625
1 0.1337890625 0.9091796875 0.01953125 0.0078125
1 0.1298828125 0.892578125 0.0234375 0.015625
1 0.1376953125 0.919921875 0.02734375 0.01171875