1 0.6748046875 0.5712890625 0.0419921875 0.166015625
1 0.478515625 0.7890625 0.033203125 0.1796875
1 0.4267578125 0.28125 0.02734375 0.123046875
1 0.4462890625 0.4033203125 0.0400390625 0.1474609375
1 0.4677734375 0.3994140625 0.0283203125 0.1376953125
1 0.4912109375 0.3974609375 0.0283203125 0.1376953125
1 0.5517578125 0.3896484375 0.04296875 0.1083984375
1 0.5517578125 0.1591796875 0.0419921875 0.1435546875
1 0.54296875 0.1796875 0.02734375 0.1357421875
1 0.44140625 0.1875 0.033203125 0.111328125
1 0.4267578125 0.1572265625 0.02734375 0.1025390625
1 0.517578125 0.8076171875 0.03515625 0.1484375
1 0.537109375 0.8095703125 0.0322265625 0.150390625