1 0.1103515625 0.4951171875 0.01953125 0.068359375
1 0.0927734375 0.513671875 0.01953125 0.052734375
1 0.1513671875 0.5419921875 0.021484375 0.05078125
1 0.17578125 0.5595703125 0.025390625 0.056640625
1 0.169921875 0.5849609375 0.021484375 0.0625
1 0.138671875 0.6123046875 0.017578125 0.05859375
1 0.1357421875 0.619140625 0.017578125 0.03515625
1 0.1376953125 0.62109375 0.021484375 0.068359375
1 0.369140625 0.455078125 0.015625 0.046875
1 0.3681640625 0.462890625 0.0234375 0.0625
1 0.568359375 0.5224609375 0.0234375 0.0625
1 0.5615234375 0.5390625 0.05078125 0.046875
1 0.5595703125 0.5771484375 0.017578125 0.0625