1 0.45703125 0.5771484375 0.05859375 0.0703125
1 0.40234375 0.587890625 0.052734375 0.03125
1 0.5078125 0.5732421875 0.08203125 0.01953125
1 0.357421875 0.3369140625 0.078125 0.021484375
1 0.349609375 0.337890625 0.05859375 0.01953125
1 0.3984375 0.017578125 0.076171875 0.03515625
1 0.4736328125 0.087890625 0.07421875 0.03125
1 0.533203125 0.14453125 0.080078125 0.02734375
1 0.546875 0.0166015625 0.09375 0.03125
1 0.5205078125 0.04296875 0.091796875 0.03125
1 0.48828125 0.05078125 0.08203125 0.02734375