1 0.73828125 0.4580078125 0.01953125 0.044921875
1 0.7724609375 0.41796875 0.015625 0.046875
1 0.755859375 0.4326171875 0.01171875 0.041015625
1 0.7724609375 0.4921875 0.017578125 0.046875
1 0.78515625 0.478515625 0.015625 0.0390625
1 0.7900390625 0.484375 0.015625 0.04296875
1 0.591796875 0.5205078125 0.009765625 0.046875
1 0.58984375 0.53125 0.0078125 0.0390625
1 0.603515625 0.390625 0.015625 0.0546875
1 0.4560546875 0.4296875 0.01171875 0.04296875
1 0.44921875 0.484375 0.015625 0.03515625
1 0.45703125 0.46484375 0.033203125 0.03515625
1 0.763671875 0.87109375 0.01171875 0.037109375
1 0.9013671875 0.8212890625 0.01171875 0.037109375
1 0.9140625 0.826171875 0.015625 0.03515625
1 0.9091796875 0.8662109375 0.0078125 0.01953125
1 0.892578125 0.8701171875 0.015625 0.0234375
1 0.919921875 0.8623046875 0.01171875 0.02734375