1 0.900390625 0.39453125 0.044921875 0.072265625
1 0.8759765625 0.373046875 0.0859375 0.0703125
1 0.8583984375 0.291015625 0.05078125 0.0625
1 0.548828125 0.427734375 0.03515625 0.08203125
1 0.5068359375 0.310546875 0.04296875 0.07421875
1 0.4853515625 0.25 0.0390625 0.095703125
1 0.1953125 0.2353515625 0.03515625 0.087890625
1 0.197265625 0.1708984375 0.033203125 0.056640625
1 0.1640625 0.2509765625 0.03515625 0.076171875
1 0.125 0.22265625 0.037109375 0.09765625
1 0.1083984375 0.1796875 0.029296875 0.07421875
1 0.12890625 0.1435546875 0.02734375 0.06640625
1 0.1484375 0.12890625 0.041015625 0.068359375
1 0.1748046875 0.1220703125 0.03125 0.05078125