1 0.3603515625 0.3857421875 0.080078125 0.02734375
1 0.2890625 0.3154296875 0.06640625 0.02734375
1 0.1591796875 0.3046875 0.04296875 0.046875
1 0.138671875 0.283203125 0.05078125 0.01953125
1 0.24609375 0.560546875 0.076171875 0.03515625
1 0.2060546875 0.55078125 0.025390625 0.015625
1 0.185546875 0.5556640625 0.03515625 0.01953125
1 0.162109375 0.55078125 0.03125 0.01953125
1 0.1240234375 0.5537109375 0.0625 0.0234375
1 0.34375 0.765625 0.07421875 0.017578125
1 0.3330078125 0.7822265625 0.080078125 0.021484375
1 0.212890625 0.87890625 0.03515625 0.021484375
1 0.1845703125 0.87890625 0.025390625 0.029296875
1 0.146484375 0.8759765625 0.0546875 0.029296875