1 0.435546875 0.3515625 0.0166015625 0.041015625
1 0.4443359375 0.36328125 0.0146484375 0.0341796875
1 0.494140625 0.35546875 0.013671875 0.0517578125
1 0.5 0.3525390625 0.01171875 0.0517578125
1 0.4609375 0.4375 0.021484375 0.0693359375
1 0.451171875 0.486328125 0.01953125 0.0693359375
1 0.439453125 0.48046875 0.0146484375 0.0693359375
1 0.4912109375 0.4814453125 0.01953125 0.0546875
1 0.50390625 0.55859375 0.0205078125 0.0751953125
1 0.5458984375 0.5888671875 0.0205078125 0.0771484375
1 0.4814453125 0.720703125 0.0185546875 0.0703125
1 0.4658203125 0.7275390625 0.017578125 0.07421875
1 0.4501953125 0.7138671875 0.0234375 0.0830078125
1 0.4755859375 0.6826171875 0.017578125 0.037109375