1 0.2353515625 0.6279296875 0.01953125 0.087890625
1 0.259765625 0.6123046875 0.025390625 0.091796875
1 0.19921875 0.6005859375 0.015625 0.0390625
1 0.1923828125 0.6396484375 0.0166015625 0.072265625
1 0.2021484375 0.6533203125 0.0166015625 0.0673828125
1 0.3486328125 0.6455078125 0.02734375 0.0751953125
1 0.431640625 0.517578125 0.017578125 0.0791015625
1 0.4482421875 0.51171875 0.015625 0.0771484375
1 0.4658203125 0.5458984375 0.0224609375 0.0732421875
1 0.5986328125 0.4423828125 0.044921875 0.0390625
1 0.6005859375 0.4951171875 0.017578125 0.0703125
1 0.6201171875 0.484375 0.021484375 0.0693359375
1 0.5966796875 0.4140625 0.0244140625 0.0390625