1 0.4384765625 0.625 0.0224609375 0.07421875
1 0.5615234375 0.541015625 0.01953125 0.0498046875
1 0.69921875 0.4697265625 0.01953125 0.0712890625
1 0.7177734375 0.4814453125 0.01953125 0.0654296875
1 0.5419921875 0.5009765625 0.0166015625 0.072265625
1 0.52734375 0.513671875 0.0166015625 0.08203125
1 0.294921875 0.572265625 0.0126953125 0.037109375
1 0.291015625 0.60546875 0.0146484375 0.048828125
1 0.29296875 0.615234375 0.015625 0.060546875
1 0.3291015625 0.5947265625 0.021484375 0.0703125
1 0.353515625 0.5927734375 0.0234375 0.0810546875