1 0.3173828125 0.6279296875 0.013671875 0.05859375
1 0.3076171875 0.6337890625 0.013671875 0.05859375
1 0.3720703125 0.654296875 0.015625 0.03125
1 0.365234375 0.6328125 0.015625 0.037109375
1 0.39453125 0.5205078125 0.017578125 0.0703125
1 0.3798828125 0.5087890625 0.01953125 0.072265625
1 0.3681640625 0.52734375 0.01171875 0.056640625
1 0.3388671875 0.5078125 0.025390625 0.0703125
1 0.365234375 0.3623046875 0.0234375 0.08203125
1 0.3056640625 0.3798828125 0.015625 0.078125
1 0.3857421875 0.265625 0.021484375 0.07421875
1 0.390625 0.3056640625 0.017578125 0.0390625
1 0.4072265625 0.265625 0.017578125 0.0703125
1 0.4189453125 0.2890625 0.021484375 0.08203125