1 0.62109375 0.3466796875 0.09375 0.02734375
1 0.53515625 0.30078125 0.05859375 0.021484375
1 0.5283203125 0.3291015625 0.052734375 0.04296875
1 0.673828125 0.4150390625 0.099609375 0.02734375
1 0.5595703125 0.5966796875 0.091796875 0.021484375
1 0.59765625 0.5986328125 0.03515625 0.017578125
1 0.6787109375 0.8017578125 0.08203125 0.01953125
1 0.6767578125 0.8212890625 0.0859375 0.0234375
1 0.5771484375 0.939453125 0.078125 0.021484375
1 0.6044921875 0.943359375 0.0390625 0.013671875
1 0.6279296875 0.939453125 0.0390625 0.017578125
1 0.7607421875 0.6884765625 0.0859375 0.029296875