1 0.57421875 0.328125 0.166015625 0.04296875
1 0.8095703125 0.4736328125 0.16015625 0.046875
1 0.81640625 0.482421875 0.146484375 0.041015625
1 0.8095703125 0.4658203125 0.16796875 0.02734375
1 0.7890625 0.5244140625 0.189453125 0.03515625
1 0.3466796875 0.5810546875 0.13671875 0.029296875
1 0.400390625 0.5615234375 0.154296875 0.04296875
1 0.40625 0.5341796875 0.15234375 0.03125
1 0.3984375 0.509765625 0.13671875 0.02734375
1 0.400390625 0.451171875 0.109375 0.04296875
1 0.154296875 0.44140625 0.13671875 0.0390625
1 0.18359375 0.4833984375 0.123046875 0.025390625
1 0.1845703125 0.556640625 0.111328125 0.033203125
1 0.1611328125 0.5751953125 0.1015625 0.02734375