1 0.9287109375 0.4013671875 0.044921875 0.072265625
1 0.8818359375 0.376953125 0.08203125 0.06640625
1 0.8896484375 0.2890625 0.05078125 0.0625
1 0.57421875 0.4296875 0.03515625 0.08203125
1 0.5146484375 0.3193359375 0.04296875 0.07421875
1 0.5126953125 0.240234375 0.0390625 0.095703125
1 0.2197265625 0.23828125 0.03515625 0.087890625
1 0.224609375 0.181640625 0.03125 0.0546875
1 0.1845703125 0.25 0.03515625 0.076171875
1 0.150390625 0.2275390625 0.037109375 0.09765625
1 0.1279296875 0.1826171875 0.02734375 0.0703125
1 0.146484375 0.1455078125 0.02734375 0.0625
1 0.1689453125 0.1318359375 0.0390625 0.068359375
1 0.201171875 0.1240234375 0.03125 0.05078125