1 0.6865234375 0.3955078125 0.0234375 0.078125
1 0.7373046875 0.3837890625 0.017578125 0.0859375
1 0.6943359375 0.5126953125 0.01953125 0.05078125
1 0.701171875 0.6328125 0.01171875 0.060546875
1 0.7119140625 0.63671875 0.01171875 0.05859375
1 0.6533203125 0.634765625 0.013671875 0.037109375
1 0.64453125 0.66015625 0.017578125 0.0390625
1 0.63671875 0.521484375 0.013671875 0.072265625
1 0.650390625 0.5078125 0.015625 0.0703125
1 0.66015625 0.5361328125 0.015625 0.0625
1 0.62890625 0.2861328125 0.017578125 0.078125
1 0.64453125 0.267578125 0.015625 0.06640625
1 0.6552734375 0.302734375 0.01171875 0.056640625
1 0.6640625 0.26953125 0.01171875 0.0703125