1 0.0712890625 0.4013671875 0.044921875 0.072265625
1 0.1181640625 0.376953125 0.08203125 0.0654296875
1 0.1103515625 0.2890625 0.0498046875 0.0634765625
1 0.42578125 0.4296875 0.0361328125 0.0830078125
1 0.4853515625 0.3193359375 0.04296875 0.0751953125
1 0.4873046875 0.240234375 0.0380859375 0.095703125
1 0.7802734375 0.23828125 0.0361328125 0.087890625
1 0.775390625 0.181640625 0.0302734375 0.0546875
1 0.8154296875 0.25 0.0341796875 0.076171875
1 0.849609375 0.2275390625 0.037109375 0.09765625
1 0.8720703125 0.1826171875 0.0283203125 0.0712890625
1 0.853515625 0.1455078125 0.0263671875 0.0634765625
1 0.8310546875 0.1318359375 0.0400390625 0.068359375
1 0.798828125 0.1240234375 0.0302734375 0.0517578125