1 0.25 0.1357421875 0.08984375 0.0390625
1 0.234375 0.189453125 0.08203125 0.078125
1 0.12890625 0.21875 0.08984375 0.04296875
1 0.4345703125 0.470703125 0.07421875 0.03515625
1 0.34375 0.5224609375 0.0546875 0.021484375
1 0.328125 0.5341796875 0.0390625 0.02734375
1 0.419921875 0.84765625 0.08203125 0.03515625
1 0.453125 0.884765625 0.072265625 0.041015625
1 0.3525390625 0.8544921875 0.05078125 0.0390625
1 0.3193359375 0.8876953125 0.060546875 0.0390625
1 0.328125 0.91796875 0.056640625 0.03515625
1 0.3681640625 0.9375 0.0546875 0.033203125
1 0.3994140625 0.9501953125 0.04296875 0.029296875
1 0.4482421875 0.9306640625 0.05859375 0.041015625