1 0.505859375 0.4931640625 0.08984375 0.0234375
1 0.564453125 0.4931640625 0.046875 0.025390625
1 0.30859375 0.62890625 0.091796875 0.01953125
1 0.4365234375 0.7890625 0.0859375 0.0234375
1 0.494140625 0.7626953125 0.0703125 0.052734375
1 0.546875 0.7763671875 0.0625 0.029296875
1 0.208984375 0.201171875 0.1015625 0.03515625
1 0.306640625 0.2041015625 0.08984375 0.037109375
1 0.26171875 0.1806640625 0.0859375 0.0390625
1 0.21484375 0.1630859375 0.10546875 0.03515625
1 0.3056640625 0.1435546875 0.0859375 0.03125
1 0.3115234375 0.1015625 0.08203125 0.0390625
1 0.3173828125 0.076171875 0.0859375 0.03125
1 0.3681640625 0.0849609375 0.0546875 0.02734375