1 0.576171875 0.462890625 0.064453125 0.052734375
1 0.587890625 0.408203125 0.0302734375 0.052734375
1 0.5751953125 0.517578125 0.021484375 0.0849609375
1 0.3369140625 0.3642578125 0.0205078125 0.0751953125
1 0.3388671875 0.3505859375 0.0185546875 0.056640625
1 0.0185546875 0.40625 0.03515625 0.076171875
1 0.08984375 0.4765625 0.03125 0.0751953125
1 0.11328125 0.5390625 0.0263671875 0.080078125
1 0.015625 0.55859375 0.03125 0.09375
1 0.04296875 0.5283203125 0.0322265625 0.0908203125
1 0.0498046875 0.4931640625 0.0263671875 0.0771484375