1 0.26171875 0.5419921875 0.0185546875 0.044921875
1 0.2275390625 0.58203125 0.015625 0.0458984375
1 0.244140625 0.5673828125 0.0126953125 0.041015625
1 0.2275390625 0.5078125 0.017578125 0.0478515625
1 0.21484375 0.521484375 0.0146484375 0.0390625
1 0.2099609375 0.515625 0.0146484375 0.0419921875
1 0.408203125 0.4794921875 0.009765625 0.0478515625
1 0.41015625 0.46875 0.0087890625 0.0390625
1 0.396484375 0.609375 0.0146484375 0.0537109375
1 0.5439453125 0.5703125 0.0126953125 0.0419921875
1 0.55078125 0.515625 0.0146484375 0.0341796875
1 0.54296875 0.53515625 0.033203125 0.0341796875
1 0.236328125 0.12890625 0.0126953125 0.037109375
1 0.0986328125 0.1787109375 0.0126953125 0.037109375
1 0.0859375 0.173828125 0.0146484375 0.0341796875
1 0.0908203125 0.1337890625 0.0087890625 0.0205078125
1 0.107421875 0.1298828125 0.0146484375 0.0234375
1 0.080078125 0.1376953125 0.0126953125 0.0263671875