1 0.1162109375 0.5908203125 0.03125 0.109375
1 0.19921875 0.6318359375 0.0380859375 0.111328125
1 0.056640625 0.5146484375 0.0263671875 0.1015625
1 0.0390625 0.5595703125 0.0341796875 0.1025390625
1 0.419921875 0.5732421875 0.0322265625 0.1025390625
1 0.421875 0.4921875 0.0205078125 0.091796875
1 0.4248046875 0.4921875 0.0263671875 0.08203125
1 0.6904296875 0.59765625 0.03125 0.12890625
1 0.712890625 0.5224609375 0.01953125 0.0654296875
1 0.720703125 0.5048828125 0.07421875 0.0390625
1 0.7275390625 0.474609375 0.017578125 0.056640625