1 0.5576171875 0.521484375 0.015625 0.07421875
1 0.5712890625 0.5185546875 0.015625 0.07421875
1 0.58203125 0.5419921875 0.015625 0.0625
1 0.6083984375 0.51953125 0.0234375 0.0546875
1 0.6181640625 0.6396484375 0.01171875 0.0546875
1 0.6279296875 0.64453125 0.015625 0.06640625
1 0.560546875 0.6572265625 0.01953125 0.03515625
1 0.5703125 0.638671875 0.015625 0.04296875
1 0.6103515625 0.4111328125 0.01953125 0.072265625
1 0.6572265625 0.400390625 0.015625 0.072265625
1 0.5546875 0.294921875 0.01953125 0.078125
1 0.5693359375 0.2783203125 0.015625 0.07421875
1 0.5830078125 0.314453125 0.01171875 0.04296875
1 0.5888671875 0.28125 0.01953125 0.068359375