1 0.75 0.716796875 0.0283203125 0.119140625
1 0.771484375 0.6982421875 0.0244140625 0.1142578125
1 0.865234375 0.5576171875 0.0322265625 0.1279296875
1 0.65234375 0.8916015625 0.02734375 0.1201171875
1 0.68359375 0.90234375 0.03125 0.115234375
1 0.716796875 0.9013671875 0.0390625 0.123046875
1 0.6181640625 0.3115234375 0.0244140625 0.0810546875
1 0.51953125 0.5107421875 0.021484375 0.0966796875
1 0.537109375 0.5048828125 0.0263671875 0.1123046875
1 0.560546875 0.5068359375 0.0234375 0.1005859375
1 0.576171875 0.5 0.0224609375 0.1142578125
1 0.548828125 0.2939453125 0.0263671875 0.0703125
1 0.5 0.3349609375 0.0244140625 0.0546875
1 0.482421875 0.302734375 0.029296875 0.06640625