1 0.5419921875 0.4267578125 0.013671875 0.0703125
1 0.572265625 0.4189453125 0.02734375 0.0634765625
1 0.4853515625 0.3154296875 0.0185546875 0.0498046875
1 0.55078125 0.294921875 0.0166015625 0.0693359375
1 0.650390625 0.50390625 0.017578125 0.076171875
1 0.5732421875 0.6181640625 0.0185546875 0.091796875
1 0.5947265625 0.62109375 0.0146484375 0.0791015625
1 0.6064453125 0.62890625 0.013671875 0.076171875
1 0.5048828125 0.3388671875 0.0166015625 0.046875
1 0.529296875 0.4287109375 0.0146484375 0.0732421875
1 0.521484375 0.4296875 0.015625 0.068359375
1 0.505859375 0.4248046875 0.017578125 0.0625