1 0.3427734375 0.3203125 0.03125 0.123046875
1 0.474609375 0.234375 0.03125 0.111328125
1 0.5009765625 0.2197265625 0.03125 0.1328125
1 0.623046875 0.060546875 0.03125 0.115234375
1 0.650390625 0.068359375 0.0390625 0.12109375
1 0.6767578125 0.0849609375 0.03515625 0.125
1 0.552734375 0.4951171875 0.03125 0.09765625
1 0.5693359375 0.484375 0.0234375 0.11328125
1 0.5849609375 0.4921875 0.0234375 0.11328125
1 0.60546875 0.4951171875 0.02734375 0.111328125
1 0.4140625 0.662109375 0.0234375 0.099609375
1 0.458984375 0.705078125 0.0234375 0.05859375
1 0.51953125 0.671875 0.025390625 0.064453125
1 0.5322265625 0.7060546875 0.0234375 0.046875