1 0.884765625 0.4892578125 0.01953125 0.068359375
1 0.9052734375 0.5078125 0.01953125 0.052734375
1 0.8447265625 0.53515625 0.021484375 0.05078125
1 0.818359375 0.5458984375 0.025390625 0.056640625
1 0.8251953125 0.5888671875 0.021484375 0.0625
1 0.859375 0.603515625 0.015625 0.05859375
1 0.8603515625 0.6005859375 0.013671875 0.02734375
1 0.8583984375 0.611328125 0.01953125 0.064453125
1 0.6279296875 0.4453125 0.015625 0.046875
1 0.6279296875 0.451171875 0.0234375 0.0625
1 0.4287109375 0.515625 0.0234375 0.0625
1 0.4375 0.5322265625 0.05078125 0.046875
1 0.4384765625 0.5703125 0.015625 0.05859375