1 0.798828125 0.4404296875 0.04296875 0.0244140625
1 0.8232421875 0.4453125 0.01953125 0.091796875
1 0.84375 0.5029296875 0.021484375 0.109375
1 0.8095703125 0.404296875 0.0263671875 0.048828125
1 0.5537109375 0.6640625 0.0361328125 0.1171875
1 0.5751953125 0.517578125 0.0166015625 0.11328125
1 0.5576171875 0.5126953125 0.0205078125 0.103515625
1 0.5498046875 0.4541015625 0.0166015625 0.052734375
1 0.4228515625 0.6953125 0.033203125 0.125
1 0.3525390625 0.7080078125 0.02734375 0.125
1 0.2001953125 0.697265625 0.025390625 0.1083984375
1 0.181640625 0.6630859375 0.021484375 0.0908203125
1 0.19921875 0.6181640625 0.021484375 0.060546875