1 0.28515625 0.423828125 0.08984375 0.03515625
1 0.3232421875 0.4462890625 0.07421875 0.02734375
1 0.314453125 0.54296875 0.11328125 0.0234375
1 0.3037109375 0.556640625 0.1171875 0.015625
1 0.28125 0.5703125 0.1328125 0.02734375
1 0.552734375 0.5478515625 0.119140625 0.046875
1 0.763671875 0.6669921875 0.14453125 0.03515625
1 0.4267578125 0.4658203125 0.130859375 0.029296875
1 0.564453125 0.4716796875 0.142578125 0.03125
1 0.568359375 0.4384765625 0.1640625 0.03515625
1 0.9638671875 0.47265625 0.0703125 0.025390625
1 0.939453125 0.53125 0.080078125 0.03125