1 0.71484375 0.576171875 0.08984375 0.03515625
1 0.6767578125 0.5537109375 0.07421875 0.02734375
1 0.685546875 0.45703125 0.11328125 0.0234375
1 0.6962890625 0.443359375 0.1171875 0.015625
1 0.71875 0.4296875 0.1328125 0.02734375
1 0.447265625 0.4521484375 0.119140625 0.046875
1 0.236328125 0.3330078125 0.14453125 0.03515625
1 0.5732421875 0.5341796875 0.130859375 0.029296875
1 0.435546875 0.5283203125 0.142578125 0.03125
1 0.431640625 0.5615234375 0.1640625 0.03515625
1 0.0361328125 0.52734375 0.0703125 0.025390625
1 0.060546875 0.46875 0.080078125 0.03125