1 0.6083984375 0.314453125 0.033203125 0.09375
1 0.6494140625 0.62890625 0.02734375 0.08984375
1 0.6689453125 0.619140625 0.01953125 0.08984375
1 0.564453125 0.771484375 0.02734375 0.06640625
1 0.5458984375 0.7998046875 0.0234375 0.07421875
1 0.5224609375 0.8056640625 0.03125 0.08984375
1 0.5517578125 0.23828125 0.025390625 0.087890625
1 0.53125 0.248046875 0.02734375 0.095703125
1 0.5078125 0.2392578125 0.029296875 0.09765625
1 0.4873046875 0.208984375 0.0234375 0.08984375
1 0.4677734375 0.2060546875 0.02734375 0.07421875
1 0.4697265625 0.15234375 0.01953125 0.03125