1 0.322265625 0.3671875 0.0234375 0.08203125
1 0.2646484375 0.37890625 0.017578125 0.078125
1 0.30078125 0.5107421875 0.01953125 0.05078125
1 0.283203125 0.6279296875 0.01171875 0.060546875
1 0.27734375 0.6328125 0.015625 0.056640625
1 0.330078125 0.6328125 0.013671875 0.0390625
1 0.3388671875 0.64453125 0.01953125 0.04296875
1 0.3310546875 0.521484375 0.01171875 0.06640625
1 0.3564453125 0.51953125 0.01953125 0.07421875
1 0.341796875 0.5107421875 0.017578125 0.06640625
1 0.3623046875 0.26953125 0.015625 0.0703125
1 0.3779296875 0.28515625 0.015625 0.076171875
1 0.345703125 0.306640625 0.015625 0.03515625
1 0.3427734375 0.2646484375 0.01953125 0.064453125