1 0.7626953125 0.359375 0.0234375 0.07421875
1 0.87109375 0.2548828125 0.017578125 0.078125
1 0.8896484375 0.248046875 0.01953125 0.078125
1 0.9912109375 0.125 0.017578125 0.07421875
1 0.990234375 0.169921875 0.01953125 0.03515625
1 0.6826171875 0.1298828125 0.015625 0.07421875
1 0.685546875 0.1728515625 0.01953125 0.05078125
1 0.5224609375 0.2919921875 0.0234375 0.0859375
1 0.4658203125 0.2431640625 0.01953125 0.0625
1 0.423828125 0.1494140625 0.021484375 0.0625
1 0.4501953125 0.1416015625 0.0390625 0.044921875