1 0.3212890625 0.759765625 0.07421875 0.0234375
1 0.2177734375 0.873046875 0.078125 0.017578125
1 0.2060546875 0.8876953125 0.078125 0.01953125
1 0.091796875 0.9873046875 0.07421875 0.017578125
1 0.1328125 0.990234375 0.033203125 0.017578125
1 0.08984375 0.6826171875 0.07421875 0.015625
1 0.126953125 0.68359375 0.05078125 0.01953125
1 0.25 0.525390625 0.091796875 0.0234375
1 0.203125 0.4677734375 0.06640625 0.021484375
1 0.1025390625 0.4267578125 0.068359375 0.01953125
1 0.1083984375 0.4501953125 0.04296875 0.0390625