1 0.5537109375 0.5693359375 0.015625 0.07421875
1 0.5791015625 0.572265625 0.02734375 0.0625
1 0.49609375 0.68359375 0.01953125 0.05078125
1 0.5625 0.703125 0.015625 0.0703125
1 0.662109375 0.4931640625 0.017578125 0.076171875
1 0.583984375 0.376953125 0.01953125 0.09765625
1 0.6171875 0.369140625 0.01171875 0.078125
1 0.607421875 0.376953125 0.015625 0.08203125
1 0.5166015625 0.6611328125 0.015625 0.046875
1 0.5400390625 0.5673828125 0.01953125 0.078125
1 0.533203125 0.568359375 0.015625 0.072265625
1 0.5185546875 0.572265625 0.015625 0.0625