1 0.541015625 0.5205078125 0.01953125 0.0703125
1 0.5751953125 0.58984375 0.0205078125 0.0703125
1 0.4775390625 0.48828125 0.0166015625 0.072265625
1 0.4775390625 0.4892578125 0.017578125 0.0703125
1 0.5185546875 0.35546875 0.017578125 0.0556640625
1 0.4853515625 0.3994140625 0.0244140625 0.0654296875
1 0.4677734375 0.3662109375 0.0146484375 0.0341796875
1 0.4580078125 0.3515625 0.017578125 0.041015625
1 0.5078125 0.6826171875 0.013671875 0.0322265625
1 0.513671875 0.72265625 0.0205078125 0.06640625
1 0.498046875 0.7216796875 0.017578125 0.0712890625
1 0.482421875 0.716796875 0.0234375 0.083984375
1 0.5185546875 0.484375 0.01953125 0.0595703125