1 0.3203125 0.3427734375 0.123046875 0.03125
1 0.234375 0.474609375 0.111328125 0.03125
1 0.2197265625 0.5009765625 0.1328125 0.03125
1 0.060546875 0.623046875 0.115234375 0.03125
1 0.068359375 0.650390625 0.12109375 0.041015625
1 0.0849609375 0.6767578125 0.125 0.03515625
1 0.4951171875 0.552734375 0.09765625 0.03125
1 0.484375 0.5693359375 0.11328125 0.0234375
1 0.4921875 0.5849609375 0.11328125 0.0234375
1 0.4951171875 0.60546875 0.111328125 0.02734375
1 0.662109375 0.4140625 0.099609375 0.0234375
1 0.705078125 0.458984375 0.05859375 0.0234375
1 0.671875 0.51953125 0.064453125 0.025390625
1 0.7060546875 0.5322265625 0.046875 0.0234375