1 0.6044921875 0.83203125 0.0234375 0.064453125
1 0.578125 0.859375 0.02734375 0.0546875
1 0.564453125 0.8623046875 0.021484375 0.05078125
1 0.4658203125 0.69140625 0.0234375 0.05859375
1 0.4462890625 0.6787109375 0.0234375 0.0625
1 0.5625 0.2626953125 0.0234375 0.06640625
1 0.556640625 0.2666015625 0.021484375 0.0703125
1 0.541015625 0.28125 0.021484375 0.072265625
1 0.5185546875 0.0498046875 0.02734375 0.0703125
1 0.4375 0.0576171875 0.02734375 0.06640625
1 0.416015625 0.078125 0.01953125 0.072265625