1 0.4794921875 0.458984375 0.0703125 0.01953125
1 0.41015625 0.4248046875 0.0703125 0.01953125
1 0.51171875 0.5224609375 0.072265625 0.015625
1 0.5107421875 0.5224609375 0.0703125 0.017578125
1 0.64453125 0.4814453125 0.0546875 0.017578125
1 0.6005859375 0.5146484375 0.06640625 0.0234375
1 0.6337890625 0.5322265625 0.03515625 0.015625
1 0.6484375 0.5419921875 0.041015625 0.017578125
1 0.3173828125 0.4921875 0.03125 0.013671875
1 0.27734375 0.486328125 0.06640625 0.01953125
1 0.2783203125 0.501953125 0.0703125 0.017578125
1 0.283203125 0.517578125 0.083984375 0.0234375
1 0.515625 0.4814453125 0.05859375 0.01953125