1 0.716796875 0.25 0.119140625 0.02734375
1 0.6982421875 0.228515625 0.11328125 0.0234375
1 0.5576171875 0.134765625 0.12890625 0.03125
1 0.8916015625 0.34765625 0.12109375 0.02734375
1 0.90234375 0.31640625 0.115234375 0.03125
1 0.9013671875 0.283203125 0.123046875 0.0390625
1 0.3115234375 0.3818359375 0.08203125 0.0234375
1 0.5107421875 0.48046875 0.09765625 0.021484375
1 0.5048828125 0.462890625 0.11328125 0.02734375
1 0.5068359375 0.439453125 0.1015625 0.0234375
1 0.5 0.423828125 0.11328125 0.0234375
1 0.2939453125 0.451171875 0.0703125 0.02734375
1 0.3349609375 0.5 0.0546875 0.0234375
1 0.302734375 0.517578125 0.06640625 0.029296875