1 0.537109375 0.5634765625 0.0703125 0.01953125
1 0.583984375 0.560546875 0.0390625 0.041015625
1 0.607421875 0.5732421875 0.05859375 0.0234375
1 0.671875 0.3583984375 0.0703125 0.01953125
1 0.6748046875 0.3583984375 0.0546875 0.017578125
1 0.5712890625 0.1474609375 0.0703125 0.0234375
1 0.5146484375 0.140625 0.0703125 0.02734375
1 0.630859375 0.080078125 0.0703125 0.02734375
1 0.611328125 0.0595703125 0.0546875 0.0234375
1 0.556640625 0.1142578125 0.0703125 0.0234375
1 0.5419921875 0.1005859375 0.029296875 0.01953125
1 0.50390625 0.103515625 0.0546875 0.0234375