1 0.423828125 0.28515625 0.0341796875 0.08984375
1 0.4462890625 0.3232421875 0.02734375 0.07421875
1 0.54296875 0.314453125 0.0224609375 0.1123046875
1 0.556640625 0.3037109375 0.0146484375 0.1171875
1 0.5703125 0.28125 0.0283203125 0.1328125
1 0.5478515625 0.552734375 0.0458984375 0.119140625
1 0.6669921875 0.763671875 0.0361328125 0.1455078125
1 0.4658203125 0.4267578125 0.029296875 0.130859375
1 0.4716796875 0.564453125 0.0302734375 0.142578125
1 0.4384765625 0.568359375 0.03515625 0.1640625
1 0.47265625 0.9638671875 0.025390625 0.0712890625
1 0.53125 0.939453125 0.0302734375 0.080078125