1 0.7626953125 0.640625 0.0224609375 0.07421875
1 0.87109375 0.7451171875 0.017578125 0.0791015625
1 0.8896484375 0.751953125 0.01953125 0.0791015625
1 0.9912109375 0.875 0.017578125 0.07421875
1 0.990234375 0.830078125 0.01953125 0.03515625
1 0.6826171875 0.8701171875 0.0146484375 0.07421875
1 0.685546875 0.8271484375 0.0185546875 0.0517578125
1 0.5224609375 0.7080078125 0.0224609375 0.0869140625
1 0.4658203125 0.7568359375 0.0205078125 0.0634765625
1 0.423828125 0.8505859375 0.021484375 0.0634765625
1 0.4501953125 0.8583984375 0.0390625 0.044921875