1 0.61328125 0.181640625 0.0234375 0.064453125
1 0.583984375 0.1513671875 0.029296875 0.05859375
1 0.5703125 0.1513671875 0.0234375 0.0546875
1 0.4619140625 0.3359375 0.021484375 0.056640625
1 0.439453125 0.34375 0.0234375 0.06640625
1 0.568359375 0.7978515625 0.0234375 0.06640625
1 0.560546875 0.79296875 0.0234375 0.07421875
1 0.5380859375 0.7890625 0.0234375 0.076171875
1 0.498046875 0.951171875 0.02734375 0.0703125
1 0.4345703125 0.9912109375 0.029296875 0.017578125
1 0.4150390625 0.9833984375 0.01953125 0.033203125