1 0.1357421875 0.25 0.0400390625 0.0908203125
1 0.189453125 0.234375 0.078125 0.08203125
1 0.21875 0.12890625 0.0439453125 0.0908203125
1 0.470703125 0.4345703125 0.0341796875 0.0732421875
1 0.5224609375 0.34375 0.021484375 0.0546875
1 0.5341796875 0.328125 0.0263671875 0.0380859375
1 0.84765625 0.419921875 0.0341796875 0.0830078125
1 0.884765625 0.453125 0.041015625 0.072265625
1 0.8544921875 0.3525390625 0.0380859375 0.05078125
1 0.8876953125 0.3193359375 0.0390625 0.060546875
1 0.91796875 0.328125 0.03515625 0.056640625
1 0.9375 0.3681640625 0.033203125 0.0556640625
1 0.9501953125 0.3994140625 0.029296875 0.0439453125
1 0.9306640625 0.4482421875 0.0400390625 0.0595703125