1 0.609375 0.2783203125 0.0322265625 0.0888671875
1 0.65625 0.5888671875 0.0263671875 0.0849609375
1 0.669921875 0.5810546875 0.01953125 0.0888671875
1 0.5615234375 0.7373046875 0.0263671875 0.06640625
1 0.548828125 0.75390625 0.0244140625 0.0751953125
1 0.5283203125 0.76171875 0.0322265625 0.0888671875
1 0.552734375 0.2041015625 0.025390625 0.087890625
1 0.5361328125 0.2177734375 0.0263671875 0.095703125
1 0.51171875 0.2099609375 0.029296875 0.0986328125
1 0.4892578125 0.181640625 0.0234375 0.0888671875
1 0.4716796875 0.177734375 0.0283203125 0.07421875
1 0.46875 0.146484375 0.0205078125 0.0322265625