1 0.5390625 0.5546875 0.078125 0.015625
1 0.5498046875 0.580078125 0.05859375 0.0234375
1 0.650390625 0.4970703125 0.05078125 0.01953125
1 0.6728515625 0.5634765625 0.072265625 0.017578125
1 0.4609375 0.6630859375 0.0859375 0.01953125
1 0.34375 0.5859375 0.09765625 0.01953125
1 0.3408203125 0.6083984375 0.078125 0.01171875
1 0.3369140625 0.6240234375 0.076171875 0.013671875
1 0.6298828125 0.517578125 0.05078125 0.017578125
1 0.537109375 0.5458984375 0.078125 0.01953125
1 0.537109375 0.53125 0.080078125 0.015625
1 0.541015625 0.5185546875 0.06640625 0.015625