1 0.5576171875 0.478515625 0.0146484375 0.0732421875
1 0.5712890625 0.4814453125 0.0166015625 0.0732421875
1 0.58203125 0.4580078125 0.0166015625 0.0615234375
1 0.6083984375 0.48046875 0.0224609375 0.0556640625
1 0.6181640625 0.3603515625 0.01171875 0.0556640625
1 0.6279296875 0.35546875 0.0146484375 0.0654296875
1 0.560546875 0.3427734375 0.0185546875 0.0361328125
1 0.5703125 0.361328125 0.0166015625 0.0439453125
1 0.6103515625 0.5888671875 0.01953125 0.072265625
1 0.6572265625 0.599609375 0.0146484375 0.072265625
1 0.5546875 0.705078125 0.01953125 0.0771484375
1 0.5693359375 0.7216796875 0.0166015625 0.0732421875
1 0.5830078125 0.685546875 0.01171875 0.04296875
1 0.5888671875 0.71875 0.0185546875 0.068359375