1 0.6533203125 0.62109375 0.02734375 0.09375
1 0.69921875 0.53515625 0.021484375 0.05859375
1 0.6708984375 0.5283203125 0.04296875 0.052734375
1 0.5849609375 0.673828125 0.02734375 0.099609375
1 0.4033203125 0.5595703125 0.021484375 0.091796875
1 0.4013671875 0.59765625 0.017578125 0.03515625
1 0.1982421875 0.6787109375 0.01953125 0.08203125
1 0.1787109375 0.6767578125 0.0234375 0.0859375
1 0.060546875 0.5771484375 0.021484375 0.078125
1 0.056640625 0.6044921875 0.013671875 0.0390625
1 0.060546875 0.6279296875 0.017578125 0.0390625
1 0.3115234375 0.7607421875 0.029296875 0.0859375