1 0.423828125 0.078125 0.0322265625 0.0859375
1 0.4443359375 0.09375 0.0322265625 0.0732421875
1 0.466796875 0.15625 0.0361328125 0.1298828125
1 0.5498046875 0.0849609375 0.033203125 0.1240234375
1 0.5859375 0.087890625 0.0341796875 0.1240234375
1 0.546875 0.3388671875 0.048828125 0.123046875
1 0.662109375 0.5419921875 0.0517578125 0.1484375
1 0.435546875 0.33984375 0.0322265625 0.1328125
1 0.4716796875 0.34375 0.0419921875 0.1474609375
1 0.47265625 0.7841796875 0.0302734375 0.1611328125
1 0.513671875 0.8115234375 0.033203125 0.146484375
1 0.529296875 0.7998046875 0.03515625 0.1455078125
1 0.5302734375 0.7236328125 0.0322265625 0.072265625