1 0.6572265625 0.6796875 0.0302734375 0.123046875
1 0.525390625 0.765625 0.0322265625 0.111328125
1 0.4990234375 0.7802734375 0.0322265625 0.1318359375
1 0.376953125 0.939453125 0.0302734375 0.115234375
1 0.349609375 0.931640625 0.0400390625 0.12109375
1 0.3232421875 0.9150390625 0.0341796875 0.1259765625
1 0.447265625 0.5048828125 0.03125 0.09765625
1 0.4306640625 0.515625 0.0234375 0.1123046875
1 0.4150390625 0.5078125 0.0244140625 0.1142578125
1 0.39453125 0.5048828125 0.0263671875 0.111328125
1 0.5859375 0.337890625 0.0234375 0.099609375
1 0.541015625 0.294921875 0.0244140625 0.05859375
1 0.48046875 0.328125 0.025390625 0.064453125
1 0.4677734375 0.2939453125 0.0244140625 0.0478515625