1 0.2978515625 0.7978515625 0.0625 0.037109375
1 0.3671875 0.818359375 0.056640625 0.0703125
1 0.4013671875 0.84765625 0.078125 0.0390625
1 0.4306640625 0.490234375 0.0703125 0.02734375
1 0.326171875 0.4521484375 0.0703125 0.029296875
1 0.296875 0.447265625 0.0546875 0.0234375
1 0.2373046875 0.13671875 0.08203125 0.033203125
1 0.255859375 0.1005859375 0.08203125 0.041015625
1 0.2275390625 0.0576171875 0.076171875 0.033203125
1 0.177734375 0.048828125 0.044921875 0.033203125
1 0.1455078125 0.0673828125 0.0546875 0.0234375
1 0.1220703125 0.0888671875 0.0546875 0.03125
1 0.125 0.11328125 0.060546875 0.03125
1 0.1787109375 0.140625 0.05859375 0.03125