1 0.671875 0.57421875 0.0419921875 0.166015625
1 0.5263671875 0.8095703125 0.0458984375 0.1591796875
1 0.517578125 0.81640625 0.041015625 0.146484375
1 0.5341796875 0.8095703125 0.0263671875 0.16796875
1 0.4755859375 0.7890625 0.0341796875 0.189453125
1 0.4189453125 0.3466796875 0.029296875 0.1357421875
1 0.4384765625 0.400390625 0.0419921875 0.154296875
1 0.4658203125 0.40625 0.0322265625 0.1513671875
1 0.490234375 0.3984375 0.0283203125 0.1376953125
1 0.548828125 0.400390625 0.04296875 0.1083984375
1 0.55859375 0.154296875 0.0400390625 0.13671875
1 0.5166015625 0.18359375 0.025390625 0.123046875
1 0.443359375 0.1845703125 0.033203125 0.111328125
1 0.4248046875 0.1611328125 0.02734375 0.1025390625