1 0.4609375 0.4453125 0.078125 0.015625
1 0.4501953125 0.419921875 0.05859375 0.0234375
1 0.349609375 0.5029296875 0.05078125 0.01953125
1 0.3271484375 0.4365234375 0.072265625 0.017578125
1 0.5390625 0.3369140625 0.0859375 0.01953125
1 0.65625 0.4140625 0.09765625 0.01953125
1 0.6591796875 0.3916015625 0.078125 0.01171875
1 0.6630859375 0.3759765625 0.076171875 0.013671875
1 0.3701171875 0.482421875 0.05078125 0.017578125
1 0.462890625 0.4541015625 0.078125 0.01953125
1 0.462890625 0.46875 0.080078125 0.015625
1 0.458984375 0.4814453125 0.06640625 0.015625