1 0.5546875 0.7880859375 0.08203125 0.04296875
1 0.6025390625 0.65625 0.060546875 0.03125
1 0.630859375 0.6455078125 0.05859375 0.02734375
1 0.748046875 0.4365234375 0.0703125 0.03125
1 0.8125 0.4404296875 0.06640625 0.025390625
1 0.8583984375 0.4189453125 0.07421875 0.02734375
1 0.85546875 0.3935546875 0.078125 0.029296875
1 0.8544921875 0.3662109375 0.0625 0.0234375
1 0.8046875 0.3505859375 0.05859375 0.0234375
1 0.7578125 0.3798828125 0.0625 0.03515625
1 0.734375 0.4072265625 0.0859375 0.02734375