1 0.5771484375 0.45703125 0.0712890625 0.0576171875
1 0.587890625 0.40234375 0.0302734375 0.052734375
1 0.5732421875 0.5078125 0.0205078125 0.0810546875
1 0.3369140625 0.357421875 0.021484375 0.0791015625
1 0.337890625 0.349609375 0.01953125 0.0595703125
1 0.017578125 0.3984375 0.03515625 0.076171875
1 0.087890625 0.4736328125 0.03125 0.0751953125
1 0.14453125 0.533203125 0.0263671875 0.080078125
1 0.0166015625 0.546875 0.0322265625 0.0927734375
1 0.04296875 0.5205078125 0.0322265625 0.0908203125
1 0.05078125 0.48828125 0.02734375 0.0810546875