1 0.3466796875 0.37890625 0.02734375 0.0927734375
1 0.30078125 0.46484375 0.021484375 0.0576171875
1 0.3291015625 0.4716796875 0.04296875 0.052734375
1 0.4150390625 0.326171875 0.0263671875 0.099609375
1 0.5966796875 0.4404296875 0.021484375 0.091796875
1 0.5986328125 0.40234375 0.017578125 0.0361328125
1 0.8017578125 0.3212890625 0.0185546875 0.0830078125
1 0.8212890625 0.3232421875 0.0234375 0.0869140625
1 0.939453125 0.4228515625 0.021484375 0.0771484375
1 0.943359375 0.3955078125 0.013671875 0.0380859375
1 0.939453125 0.3720703125 0.017578125 0.0400390625
1 0.6884765625 0.2392578125 0.029296875 0.0869140625