1 0.2138671875 0.4453125 0.04296875 0.0810546875
1 0.33984375 0.39453125 0.03125 0.060546875
1 0.3544921875 0.3603515625 0.0263671875 0.0595703125
1 0.56640625 0.25 0.0322265625 0.0703125
1 0.560546875 0.1875 0.025390625 0.06640625
1 0.583984375 0.142578125 0.0263671875 0.0751953125
1 0.609375 0.1435546875 0.029296875 0.078125
1 0.634765625 0.1455078125 0.0224609375 0.0634765625
1 0.6513671875 0.193359375 0.0244140625 0.0576171875
1 0.626953125 0.23828125 0.0341796875 0.0625
1 0.595703125 0.265625 0.02734375 0.0859375