1 0.759765625 0.6787109375 0.0224609375 0.07421875
1 0.873046875 0.7822265625 0.017578125 0.0791015625
1 0.8876953125 0.7939453125 0.01953125 0.0791015625
1 0.9873046875 0.908203125 0.0166015625 0.0732421875
1 0.990234375 0.8671875 0.017578125 0.033203125
1 0.6826171875 0.91015625 0.0146484375 0.07421875
1 0.68359375 0.873046875 0.0185546875 0.0517578125
1 0.525390625 0.75 0.0244140625 0.091796875
1 0.4677734375 0.796875 0.021484375 0.06640625
1 0.4267578125 0.8974609375 0.0205078125 0.068359375
1 0.4501953125 0.8916015625 0.0390625 0.0439453125