1 0.376953125 0.375 0.099609375 0.0234375
1 0.310546875 0.400390625 0.1015625 0.03515625
1 0.3349609375 0.4345703125 0.08984375 0.03125
1 0.396484375 0.458984375 0.1015625 0.03125
1 0.4580078125 0.4794921875 0.09765625 0.03515625
1 0.505859375 0.5029296875 0.091796875 0.03125
1 0.580078125 0.564453125 0.111328125 0.04296875
1 0.6376953125 0.6083984375 0.130859375 0.046875
1 0.720703125 0.65234375 0.1171875 0.03125
1 0.8291015625 0.5927734375 0.12109375 0.04296875
1 0.8046875 0.6865234375 0.109375 0.02734375
1 0.876953125 0.734375 0.09375 0.029296875