1 0.3173828125 0.3525390625 0.044921875 0.150390625
1 0.3515625 0.3037109375 0.048828125 0.13671875
1 0.3974609375 0.3427734375 0.0390625 0.11328125
1 0.4287109375 0.4228515625 0.04296875 0.125
1 0.4541015625 0.4892578125 0.041015625 0.1328125
1 0.478515625 0.541015625 0.04296875 0.142578125
1 0.5576171875 0.646484375 0.056640625 0.1484375
1 0.611328125 0.734375 0.05859375 0.15625
1 0.67578125 0.828125 0.0546875 0.146484375
1 0.6044921875 0.96484375 0.05078125 0.0703125
1 0.7216796875 0.931640625 0.04296875 0.099609375