1 0.8564453125 0.1669921875 0.142578125 0.052734375
1 0.8056640625 0.2412109375 0.18359375 0.0625
1 0.71875 0.3134765625 0.18359375 0.06640625
1 0.6796875 0.3837890625 0.15234375 0.046875
1 0.611328125 0.4609375 0.15234375 0.044921875
1 0.548828125 0.564453125 0.1484375 0.046875
1 0.505859375 0.603515625 0.15625 0.0546875
1 0.4560546875 0.6484375 0.13671875 0.046875
1 0.400390625 0.7080078125 0.12109375 0.03515625
1 0.90625 0.341796875 0.1484375 0.048828125
1 0.37109375 0.7451171875 0.11328125 0.029296875