1 0.1279296875 0.8173828125 0.05859375 0.1572265625
1 0.2041015625 0.775390625 0.0595703125 0.1748046875
1 0.28125 0.6953125 0.0654296875 0.18359375
1 0.3583984375 0.66015625 0.0517578125 0.16796875
1 0.4345703125 0.60546875 0.044921875 0.15234375
1 0.5439453125 0.564453125 0.0478515625 0.1484375
1 0.5859375 0.5126953125 0.0556640625 0.1572265625
1 0.6337890625 0.466796875 0.0498046875 0.1455078125
1 0.6884765625 0.40625 0.0380859375 0.12890625
1 0.2880859375 0.8427734375 0.0537109375 0.1640625
1 0.7275390625 0.404296875 0.0419921875 0.125
1 0.705078125 0.5341796875 0.0390625 0.1357421875