1 0.2060546875 0.87890625 0.181640625 0.048828125
1 0.2578125 0.7958984375 0.16796875 0.044921875
1 0.3173828125 0.7119140625 0.1875 0.04296875
1 0.380859375 0.6298828125 0.09765625 0.0390625
1 0.4287109375 0.552734375 0.166015625 0.03515625
1 0.48828125 0.439453125 0.16796875 0.02734375
1 0.533203125 0.3896484375 0.150390625 0.03125
1 0.5712890625 0.3359375 0.14453125 0.029296875
1 0.6318359375 0.28125 0.130859375 0.03515625
1 0.318359375 0.640625 0.14453125 0.041015625
1 0.5927734375 0.2509765625 0.13671875 0.044921875