1 0.2958984375 0.73046875 0.11328125 0.03125
1 0.3125 0.6806640625 0.109375 0.025390625
1 0.3427734375 0.626953125 0.10546875 0.02734375
1 0.3740234375 0.5830078125 0.111328125 0.02734375
1 0.3984375 0.5302734375 0.11328125 0.01953125
1 0.4375 0.462890625 0.10546875 0.025390625
1 0.4677734375 0.42578125 0.10546875 0.021484375
1 0.4931640625 0.388671875 0.09765625 0.021484375
1 0.53125 0.3525390625 0.08984375 0.01953125
1 0.4658203125 0.349609375 0.08984375 0.02734375
1 0.259765625 0.5634765625 0.08984375 0.033203125