1 0.4111328125 0.2666015625 0.0859375 0.02734375
1 0.41015625 0.3154296875 0.09375 0.03125
1 0.3232421875 0.31640625 0.09765625 0.046875
1 0.4248046875 0.37109375 0.099609375 0.03515625
1 0.4287109375 0.423828125 0.1015625 0.02734375
1 0.4404296875 0.4814453125 0.111328125 0.0234375
1 0.4365234375 0.5537109375 0.109375 0.029296875
1 0.453125 0.5908203125 0.09375 0.0234375
1 0.47265625 0.6337890625 0.08984375 0.02734375
1 0.4765625 0.681640625 0.10546875 0.01953125
1 0.3837890625 0.7177734375 0.109375 0.029296875