1 0.28515625 0.8125 0.02734375 0.078125
1 0.322265625 0.7431640625 0.025390625 0.1171875
1 0.3583984375 0.6787109375 0.0263671875 0.1201171875
1 0.392578125 0.619140625 0.0224609375 0.103515625
1 0.439453125 0.546875 0.0205078125 0.1025390625
1 0.4658203125 0.501953125 0.01953125 0.1044921875
1 0.4873046875 0.455078125 0.0166015625 0.09375
1 0.5068359375 0.41015625 0.01953125 0.0966796875
1 0.5302734375 0.3837890625 0.0166015625 0.08984375
1 0.5341796875 0.466796875 0.0263671875 0.0869140625
1 0.5263671875 0.5771484375 0.0302734375 0.0947265625
1 0.8642578125 0.7236328125 0.029296875 0.103515625