1 0.1953125 0.8623046875 0.15625 0.05859375
1 0.234375 0.7841796875 0.18359375 0.064453125
1 0.3115234375 0.7060546875 0.18359375 0.06640625
1 0.34375 0.62890625 0.16796875 0.05078125
1 0.3974609375 0.5537109375 0.15234375 0.044921875
1 0.4365234375 0.4423828125 0.1484375 0.046875
1 0.484375 0.400390625 0.1484375 0.052734375
1 0.5302734375 0.3505859375 0.14453125 0.05078125
1 0.587890625 0.294921875 0.12890625 0.0390625
1 0.1884765625 0.6982421875 0.171875 0.056640625
1 0.587890625 0.2587890625 0.125 0.04296875
1 0.4453125 0.2958984375 0.142578125 0.041015625