1 0.443359375 0.802734375 0.0234375 0.0966796875
1 0.509765625 0.6455078125 0.0224609375 0.0830078125
1 0.3916015625 0.6796875 0.029296875 0.12109375
1 0.361328125 0.7412109375 0.0224609375 0.080078125
1 0.4130859375 0.6162109375 0.0244140625 0.1103515625
1 0.451171875 0.5341796875 0.021484375 0.0966796875
1 0.46875 0.484375 0.01953125 0.0966796875
1 0.48046875 0.412109375 0.0205078125 0.103515625
1 0.5009765625 0.375 0.0224609375 0.08203125
1 0.5244140625 0.4140625 0.0224609375 0.087890625
1 0.888671875 0.5859375 0.029296875 0.0966796875