1 0.1416015625 0.87890625 0.0556640625 0.1494140625
1 0.216796875 0.8408203125 0.0634765625 0.1826171875
1 0.298828125 0.7890625 0.0654296875 0.18359375
1 0.37109375 0.732421875 0.0517578125 0.16796875
1 0.4443359375 0.681640625 0.044921875 0.15234375
1 0.552734375 0.63671875 0.0498046875 0.15625
1 0.5947265625 0.5888671875 0.0556640625 0.1572265625
1 0.6435546875 0.5439453125 0.0478515625 0.1376953125
1 0.708984375 0.5126953125 0.0400390625 0.134765625
1 0.3134765625 0.8642578125 0.0458984375 0.1455078125
1 0.744140625 0.453125 0.0419921875 0.125
1 0.6279296875 0.6455078125 0.041015625 0.142578125