1 0.73046875 0.2890625 0.03125 0.11328125
1 0.681640625 0.3046875 0.025390625 0.109375
1 0.6279296875 0.3349609375 0.02734375 0.111328125
1 0.5830078125 0.37109375 0.029296875 0.1171875
1 0.5322265625 0.3935546875 0.01953125 0.11328125
1 0.4638671875 0.4296875 0.025390625 0.10546875
1 0.427734375 0.45703125 0.021484375 0.10546875
1 0.3916015625 0.490234375 0.021484375 0.09765625
1 0.3525390625 0.525390625 0.01953125 0.095703125
1 0.5654296875 0.2529296875 0.033203125 0.08984375
1 0.3564453125 0.4111328125 0.029296875 0.09765625