1 0.4306640625 0.8623046875 0.0234375 0.0966796875
1 0.5087890625 0.646484375 0.0224609375 0.0830078125
1 0.3974609375 0.67578125 0.029296875 0.12109375
1 0.3662109375 0.7421875 0.0224609375 0.080078125
1 0.4189453125 0.61328125 0.0234375 0.1044921875
1 0.455078125 0.5322265625 0.0224609375 0.1015625
1 0.4736328125 0.48046875 0.0205078125 0.1015625
1 0.4853515625 0.412109375 0.01953125 0.099609375
1 0.505859375 0.375 0.0224609375 0.08203125
1 0.5224609375 0.3818359375 0.021484375 0.083984375
1 0.8955078125 0.5869140625 0.0283203125 0.091796875