1 0.2685546875 0.712890625 0.0322265625 0.1142578125
1 0.3193359375 0.6953125 0.025390625 0.1083984375
1 0.3720703125 0.6669921875 0.0263671875 0.10546875
1 0.4169921875 0.6328125 0.029296875 0.1171875
1 0.4677734375 0.609375 0.01953125 0.107421875
1 0.5341796875 0.57421875 0.025390625 0.1064453125
1 0.5732421875 0.544921875 0.0224609375 0.1123046875
1 0.6103515625 0.5205078125 0.021484375 0.09765625
1 0.646484375 0.474609375 0.0185546875 0.0908203125
1 0.435546875 0.748046875 0.033203125 0.08984375
1 0.6455078125 0.5888671875 0.025390625 0.0849609375