1 0.8623046875 0.5693359375 0.09765625 0.0234375
1 0.646484375 0.4912109375 0.08203125 0.0234375
1 0.67578125 0.6025390625 0.12109375 0.029296875
1 0.7421875 0.6337890625 0.080078125 0.0234375
1 0.61328125 0.5810546875 0.10546875 0.0234375
1 0.5322265625 0.544921875 0.1015625 0.0234375
1 0.48046875 0.5263671875 0.1015625 0.01953125
1 0.412109375 0.5146484375 0.099609375 0.01953125
1 0.375 0.494140625 0.08203125 0.0234375
1 0.3818359375 0.4775390625 0.083984375 0.021484375
1 0.5869140625 0.1044921875 0.091796875 0.02734375