1 0.498046875 0.5751953125 0.08984375 0.0234375
1 0.4921875 0.552734375 0.09765625 0.025390625
1 0.58984375 0.5908203125 0.078125 0.021484375
1 0.5859375 0.54296875 0.091796875 0.03125
1 0.58203125 0.4892578125 0.0859375 0.0234375
1 0.5732421875 0.4375 0.103515625 0.021484375
1 0.56640625 0.373046875 0.1015625 0.03125
1 0.5390625 0.3017578125 0.08984375 0.033203125
1 0.544921875 0.2587890625 0.095703125 0.029296875
1 0.5361328125 0.2138671875 0.08203125 0.0234375
1 0.533203125 0.1943359375 0.08984375 0.03515625
1 0.5234375 0.1484375 0.09375 0.0234375