1 0.3798828125 0.4296875 0.0234375 0.08984375
1 0.4248046875 0.4267578125 0.03515625 0.076171875
1 0.4248046875 0.3564453125 0.02734375 0.087890625
1 0.4775390625 0.4150390625 0.02734375 0.1015625
1 0.529296875 0.4140625 0.03125 0.09765625
1 0.5859375 0.41015625 0.0234375 0.10546875
1 0.6591796875 0.3935546875 0.0234375 0.08984375
1 0.6982421875 0.39453125 0.03125 0.10546875
1 0.7626953125 0.3037109375 0.03125 0.0859375
1 0.7470703125 0.3994140625 0.03125 0.095703125
1 0.798828125 0.400390625 0.02734375 0.109375
1 0.8232421875 0.3232421875 0.025390625 0.0859375