1 0.2392578125 0.8818359375 0.02734375 0.07421875
1 0.26953125 0.78515625 0.03515625 0.12109375
1 0.3017578125 0.716796875 0.025390625 0.11328125
1 0.33203125 0.6552734375 0.02734375 0.111328125
1 0.376953125 0.578125 0.02734375 0.11328125
1 0.3994140625 0.53125 0.0234375 0.107421875
1 0.4150390625 0.4638671875 0.01953125 0.111328125
1 0.4365234375 0.43359375 0.017578125 0.080078125
1 0.458984375 0.3984375 0.01953125 0.078125
1 0.466796875 0.4755859375 0.02734375 0.0859375
1 0.4384765625 0.6416015625 0.02734375 0.08984375
1 0.361328125 0.7958984375 0.029296875 0.080078125
1 0.7998046875 0.6787109375 0.0234375 0.087890625