1 0.681640625 0.4248046875 0.0703125 0.01953125
1 0.5771484375 0.4599609375 0.07421875 0.03125
1 0.662109375 0.5107421875 0.0703125 0.0234375
1 0.6640625 0.5556640625 0.078125 0.0234375
1 0.6533203125 0.607421875 0.0703125 0.0234375
1 0.6240234375 0.666015625 0.0859375 0.01953125
1 0.6259765625 0.705078125 0.0703125 0.0234375
1 0.6171875 0.7470703125 0.078125 0.02734375
1 0.578125 0.7900390625 0.07421875 0.01953125
1 0.5908203125 0.4404296875 0.068359375 0.01953125
1 0.6708984375 0.46484375 0.064453125 0.0234375