1 0.2021484375 0.3046875 0.0546875 0.234375
1 0.2939453125 0.2822265625 0.05078125 0.19140625
1 0.38671875 0.306640625 0.041015625 0.20703125
1 0.3935546875 0.236328125 0.060546875 0.16796875
1 0.4765625 0.3427734375 0.041015625 0.1796875
1 0.568359375 0.3671875 0.046875 0.20703125
1 0.705078125 0.3671875 0.05078125 0.1953125
1 0.7705078125 0.3720703125 0.052734375 0.18359375
1 0.8388671875 0.4228515625 0.05078125 0.171875
1 0.9189453125 0.4296875 0.04296875 0.140625
1 0.9482421875 0.4931640625 0.03515625 0.109375
1 0.298828125 0.14453125 0.0703125 0.171875