1 0.5751953125 0.318359375 0.01953125 0.0703125
1 0.5400390625 0.4228515625 0.03125 0.07421875
1 0.4892578125 0.337890625 0.0234375 0.0703125
1 0.4443359375 0.3359375 0.0234375 0.078125
1 0.392578125 0.3466796875 0.0234375 0.0703125
1 0.333984375 0.3759765625 0.01953125 0.0859375
1 0.294921875 0.3740234375 0.0234375 0.0703125
1 0.2529296875 0.3828125 0.02734375 0.078125
1 0.2099609375 0.421875 0.01953125 0.07421875
1 0.5595703125 0.4091796875 0.01953125 0.068359375
1 0.53515625 0.3291015625 0.0234375 0.064453125