1 0.7490234375 0.34765625 0.107421875 0.03515625
1 0.46875 0.361328125 0.14453125 0.0234375
1 0.533203125 0.3369140625 0.125 0.03125
1 0.5595703125 0.384765625 0.109375 0.0234375
1 0.3466796875 0.42578125 0.11328125 0.0234375
1 0.298828125 0.4404296875 0.1015625 0.01953125
1 0.2490234375 0.4580078125 0.10546875 0.0234375
1 0.20703125 0.4814453125 0.0859375 0.015625
1 0.4521484375 0.8720703125 0.09765625 0.03515625
1 0.38671875 0.40234375 0.1171875 0.02734375
1 0.2802734375 0.47265625 0.083984375 0.01953125