1 0.3681640625 0.6845703125 0.02734375 0.1015625
1 0.609375 0.6533203125 0.03515625 0.08984375
1 0.6591796875 0.5966796875 0.03125 0.0859375
1 0.6162109375 0.59765625 0.029296875 0.0859375
1 0.5625 0.5966796875 0.03125 0.12109375
1 0.5107421875 0.591796875 0.033203125 0.12890625
1 0.455078125 0.5791015625 0.02734375 0.119140625
1 0.3876953125 0.6005859375 0.03515625 0.125
1 0.345703125 0.5908203125 0.033203125 0.109375
1 0.30078125 0.5947265625 0.021484375 0.091796875
1 0.2607421875 0.5576171875 0.01953125 0.103515625