1 0.560546875 0.169921875 0.0234375 0.09765625
1 0.4873046875 0.3544921875 0.0234375 0.08203125
1 0.6044921875 0.3212890625 0.029296875 0.12109375
1 0.63671875 0.26171875 0.0234375 0.080078125
1 0.583984375 0.3837890625 0.0234375 0.1015625
1 0.546875 0.4638671875 0.0234375 0.1015625
1 0.529296875 0.5146484375 0.01953125 0.1015625
1 0.5166015625 0.5869140625 0.01953125 0.103515625
1 0.4970703125 0.6240234375 0.0234375 0.08203125
1 0.48046875 0.58203125 0.0234375 0.087890625
1 0.1083984375 0.4111328125 0.029296875 0.091796875