1 0.30078125 0.689453125 0.14453125 0.03125
1 0.3759765625 0.6494140625 0.140625 0.0390625
1 0.419921875 0.619140625 0.09375 0.033203125
1 0.546875 0.546875 0.091796875 0.029296875
1 0.5947265625 0.5283203125 0.0859375 0.03515625
1 0.6455078125 0.5068359375 0.08203125 0.033203125
1 0.6787109375 0.4814453125 0.08984375 0.0234375
1 0.6025390625 0.4541015625 0.08984375 0.02734375
1 0.392578125 0.0888671875 0.09375 0.03515625
1 0.5 0.56640625 0.1015625 0.03515625
1 0.1767578125 0.6474609375 0.12109375 0.0390625