1 0.6318359375 0.6845703125 0.02734375 0.1025390625
1 0.390625 0.6533203125 0.0341796875 0.0908203125
1 0.3408203125 0.5966796875 0.03125 0.0859375
1 0.3837890625 0.59765625 0.029296875 0.0849609375
1 0.4375 0.5966796875 0.0302734375 0.1201171875
1 0.4892578125 0.591796875 0.033203125 0.12890625
1 0.544921875 0.5791015625 0.02734375 0.119140625
1 0.6123046875 0.6005859375 0.0341796875 0.1240234375
1 0.654296875 0.5908203125 0.033203125 0.1103515625
1 0.69921875 0.5947265625 0.021484375 0.091796875
1 0.7392578125 0.5576171875 0.0205078125 0.103515625