1 0.28125 0.71484375 0.0322265625 0.1142578125
1 0.3310546875 0.6962890625 0.025390625 0.1083984375
1 0.3837890625 0.6689453125 0.0263671875 0.10546875
1 0.4287109375 0.6318359375 0.029296875 0.1171875
1 0.478515625 0.6181640625 0.0205078125 0.11328125
1 0.546875 0.5751953125 0.025390625 0.1064453125
1 0.5849609375 0.5478515625 0.0244140625 0.1171875
1 0.62109375 0.5166015625 0.021484375 0.09765625
1 0.65625 0.4794921875 0.0185546875 0.0908203125
1 0.4482421875 0.7490234375 0.033203125 0.08984375
1 0.65625 0.5859375 0.025390625 0.0849609375