1 0.7216796875 0.79296875 0.03515625 0.12109375
1 0.6904296875 0.724609375 0.025390625 0.11328125
1 0.6611328125 0.662109375 0.02734375 0.111328125
1 0.6162109375 0.583984375 0.02734375 0.11328125
1 0.599609375 0.5390625 0.0234375 0.1015625
1 0.580078125 0.4697265625 0.021484375 0.1171875
1 0.5595703125 0.4345703125 0.017578125 0.080078125
1 0.5361328125 0.40234375 0.01953125 0.078125
1 0.529296875 0.482421875 0.02734375 0.0859375
1 0.5595703125 0.6728515625 0.025390625 0.0859375
1 0.62890625 0.794921875 0.029296875 0.080078125
1 0.193359375 0.677734375 0.0234375 0.087890625