1 0.435546875 0.5634765625 0.0185546875 0.0673828125
1 0.470703125 0.5703125 0.0244140625 0.05859375
1 0.5078125 0.5751953125 0.021484375 0.064453125
1 0.546875 0.5732421875 0.021484375 0.0732421875
1 0.5859375 0.5888671875 0.0224609375 0.0712890625
1 0.63671875 0.609375 0.0166015625 0.0703125
1 0.669921875 0.6103515625 0.0224609375 0.068359375
1 0.7060546875 0.6171875 0.0263671875 0.0703125
1 0.7373046875 0.59765625 0.017578125 0.0703125
1 0.466796875 0.658203125 0.0234375 0.064453125
1 0.447265625 0.642578125 0.017578125 0.0546875