1 0.4248046875 0.318359375 0.01953125 0.0703125
1 0.4599609375 0.4228515625 0.0302734375 0.0751953125
1 0.5107421875 0.337890625 0.0244140625 0.0703125
1 0.5556640625 0.3359375 0.0224609375 0.0771484375
1 0.607421875 0.3466796875 0.0224609375 0.0712890625
1 0.666015625 0.3759765625 0.0205078125 0.0859375
1 0.705078125 0.3740234375 0.0234375 0.0703125
1 0.7470703125 0.3828125 0.0283203125 0.0771484375
1 0.7900390625 0.421875 0.0185546875 0.07421875
1 0.4404296875 0.4091796875 0.01953125 0.068359375
1 0.46484375 0.3291015625 0.0234375 0.064453125