1 0.865234375 0.2802734375 0.033203125 0.09765625
1 0.326171875 0.2548828125 0.03125 0.109375
1 0.4150390625 0.234375 0.03515625 0.08984375
1 0.3642578125 0.326171875 0.03125 0.1171875
1 0.3955078125 0.380859375 0.03125 0.1171875
1 0.4423828125 0.4453125 0.01953125 0.10546875
1 0.4677734375 0.4892578125 0.015625 0.08984375
1 0.4873046875 0.5439453125 0.01953125 0.099609375
1 0.51171875 0.5869140625 0.01953125 0.08984375
1 0.5380859375 0.611328125 0.021484375 0.08203125
1 0.5361328125 0.5390625 0.02734375 0.08203125
1 0.517578125 0.4052734375 0.02734375 0.08203125
1 0.2890625 0.1796875 0.01953125 0.07421875