1 0.439453125 0.830078125 0.0234375 0.0966796875
1 0.5126953125 0.6455078125 0.0224609375 0.0830078125
1 0.3955078125 0.6787109375 0.029296875 0.12109375
1 0.36328125 0.73828125 0.0224609375 0.080078125
1 0.416015625 0.6162109375 0.0224609375 0.1005859375
1 0.453125 0.5361328125 0.0224609375 0.1015625
1 0.470703125 0.4853515625 0.0205078125 0.1015625
1 0.4833984375 0.4130859375 0.0205078125 0.103515625
1 0.5029296875 0.3759765625 0.0224609375 0.08203125
1 0.51953125 0.41796875 0.0224609375 0.087890625
1 0.8916015625 0.5888671875 0.0283203125 0.091796875