1 0.32421875 0.5546875 0.0546875 0.021484375
1 0.3388671875 0.5341796875 0.0703125 0.02734375
1 0.25390625 0.533203125 0.0703125 0.029296875
1 0.255859375 0.4931640625 0.0703125 0.021484375
1 0.248046875 0.4560546875 0.068359375 0.01953125
1 0.267578125 0.4130859375 0.06640625 0.017578125
1 0.2880859375 0.3623046875 0.0625 0.021484375
1 0.2919921875 0.330078125 0.0703125 0.02734375
1 0.2939453125 0.2939453125 0.06640625 0.0234375
1 0.28125 0.2607421875 0.06640625 0.01953125
1 0.2373046875 0.5673828125 0.060546875 0.017578125