1 0.2666015625 0.5888671875 0.0263671875 0.0849609375
1 0.3154296875 0.58984375 0.0322265625 0.09375
1 0.31640625 0.6767578125 0.0458984375 0.0986328125
1 0.37109375 0.5751953125 0.03515625 0.099609375
1 0.423828125 0.5712890625 0.0263671875 0.1025390625
1 0.4814453125 0.5595703125 0.0244140625 0.111328125
1 0.5537109375 0.5634765625 0.029296875 0.109375
1 0.5908203125 0.546875 0.0244140625 0.0927734375
1 0.6337890625 0.52734375 0.0263671875 0.08984375
1 0.681640625 0.5234375 0.01953125 0.1044921875
1 0.7177734375 0.6162109375 0.029296875 0.1083984375