1 0.34765625 0.7490234375 0.03515625 0.107421875
1 0.361328125 0.46875 0.0234375 0.1455078125
1 0.3369140625 0.533203125 0.0302734375 0.1259765625
1 0.384765625 0.5595703125 0.0244140625 0.109375
1 0.42578125 0.3466796875 0.0244140625 0.11328125
1 0.4404296875 0.298828125 0.0185546875 0.1015625
1 0.4580078125 0.2490234375 0.0234375 0.10546875
1 0.4814453125 0.20703125 0.0166015625 0.0849609375
1 0.8720703125 0.4521484375 0.03515625 0.0966796875
1 0.40234375 0.38671875 0.0283203125 0.1171875
1 0.47265625 0.2802734375 0.0205078125 0.083984375