1 0.5634765625 0.498046875 0.01953125 0.06640625
1 0.5380859375 0.5869140625 0.025390625 0.0625
1 0.4912109375 0.51171875 0.021484375 0.064453125
1 0.4521484375 0.5078125 0.021484375 0.07421875
1 0.4130859375 0.521484375 0.0234375 0.0703125
1 0.361328125 0.546875 0.017578125 0.07421875
1 0.3291015625 0.544921875 0.021484375 0.064453125
1 0.2939453125 0.552734375 0.02734375 0.0703125
1 0.2626953125 0.5322265625 0.01953125 0.07421875
1 0.5478515625 0.580078125 0.0234375 0.064453125
1 0.529296875 0.5029296875 0.015625 0.0625