1 0.3017578125 0.6142578125 0.05859375 0.0234375
1 0.3134765625 0.591796875 0.0703125 0.02734375
1 0.21875 0.6259765625 0.0625 0.0234375
1 0.224609375 0.591796875 0.0625 0.0234375
1 0.2275390625 0.5498046875 0.0703125 0.029296875
1 0.2255859375 0.51171875 0.0703125 0.021484375
1 0.240234375 0.4716796875 0.0703125 0.01953125
1 0.2587890625 0.41796875 0.072265625 0.01953125
1 0.2646484375 0.384765625 0.0625 0.021484375
1 0.271484375 0.349609375 0.06640625 0.0234375
1 0.2578125 0.318359375 0.06640625 0.0234375