1 0.6513671875 0.7177734375 0.02734375 0.09765625
1 0.6064453125 0.7099609375 0.025390625 0.095703125
1 0.5537109375 0.673828125 0.02734375 0.103515625
1 0.509765625 0.6533203125 0.025390625 0.11328125
1 0.484375 0.7158203125 0.03125 0.09375
1 0.455078125 0.630859375 0.0234375 0.123046875
1 0.3916015625 0.59765625 0.0234375 0.1015625
1 0.35546875 0.58984375 0.029296875 0.08203125
1 0.3203125 0.625 0.0234375 0.09375
1 0.3076171875 0.5595703125 0.01953125 0.09375
1 0.275390625 0.5361328125 0.02734375 0.08984375