1 0.837890625 0.3935546875 0.03125 0.13671875
1 0.787109375 0.3330078125 0.0419921875 0.123046875
1 0.7548828125 0.359375 0.03125 0.1298828125
1 0.71484375 0.4345703125 0.04296875 0.1171875
1 0.6826171875 0.4912109375 0.041015625 0.1220703125
1 0.6513671875 0.5439453125 0.0419921875 0.130859375
1 0.5712890625 0.630859375 0.0458984375 0.140625
1 0.51171875 0.72265625 0.0439453125 0.1552734375
1 0.4501953125 0.8017578125 0.0537109375 0.1591796875
1 0.396484375 0.900390625 0.0458984375 0.154296875
1 0.5078125 0.9482421875 0.0517578125 0.1015625