1 0.6435546875 0.7998046875 0.22265625 0.05078125
1 0.6533203125 0.70703125 0.19140625 0.05078125
1 0.6396484375 0.6201171875 0.20703125 0.041015625
1 0.697265625 0.630859375 0.16015625 0.056640625
1 0.59765625 0.5205078125 0.1796875 0.041015625
1 0.578125 0.4248046875 0.1953125 0.044921875
1 0.5830078125 0.2861328125 0.1953125 0.05078125
1 0.5732421875 0.2197265625 0.18359375 0.052734375
1 0.521484375 0.15234375 0.171875 0.05078125
1 0.51171875 0.068359375 0.140625 0.04296875
1 0.439453125 0.0380859375 0.11328125 0.037109375
1 0.798828125 0.6875 0.171875 0.0703125