1 0.3408203125 0.8271484375 0.03515625 0.091796875
1 0.3427734375 0.8349609375 0.029296875 0.11328125
1 0.3486328125 0.6708984375 0.025390625 0.140625
1 0.3017578125 0.748046875 0.0263671875 0.0986328125
1 0.3740234375 0.6015625 0.025390625 0.1171875
1 0.416015625 0.5234375 0.0244140625 0.109375
1 0.4189453125 0.5126953125 0.0205078125 0.119140625
1 0.435546875 0.478515625 0.021484375 0.1171875
1 0.4716796875 0.365234375 0.0244140625 0.099609375
1 0.4873046875 0.33984375 0.0166015625 0.091796875
1 0.51171875 0.4130859375 0.021484375 0.0927734375
1 0.890625 0.564453125 0.025390625 0.08203125