1 0.4365234375 0.8505859375 0.0234375 0.0966796875
1 0.513671875 0.6484375 0.0224609375 0.0830078125
1 0.3974609375 0.6826171875 0.029296875 0.12109375
1 0.365234375 0.744140625 0.0224609375 0.080078125
1 0.41796875 0.619140625 0.0224609375 0.1005859375
1 0.455078125 0.5390625 0.0224609375 0.1015625
1 0.4736328125 0.486328125 0.0205078125 0.1015625
1 0.484375 0.416015625 0.0205078125 0.103515625
1 0.5048828125 0.3798828125 0.0224609375 0.08203125
1 0.521484375 0.427734375 0.021484375 0.083984375
1 0.8935546875 0.5947265625 0.0283203125 0.091796875