1 0.1416015625 0.12109375 0.0546875 0.1484375
1 0.216796875 0.1591796875 0.0625 0.18359375
1 0.298828125 0.2109375 0.06640625 0.18359375
1 0.37109375 0.267578125 0.05078125 0.16796875
1 0.4443359375 0.318359375 0.044921875 0.15234375
1 0.552734375 0.36328125 0.05078125 0.15625
1 0.5947265625 0.4111328125 0.0546875 0.15625
1 0.6435546875 0.4560546875 0.046875 0.13671875
1 0.708984375 0.4873046875 0.0390625 0.134765625
1 0.3134765625 0.1357421875 0.046875 0.14453125
1 0.744140625 0.546875 0.04296875 0.125
1 0.6279296875 0.3544921875 0.041015625 0.142578125