1 0.162109375 0.3935546875 0.03125 0.13671875
1 0.212890625 0.3330078125 0.04296875 0.123046875
1 0.2451171875 0.359375 0.03125 0.12890625
1 0.28515625 0.4345703125 0.04296875 0.1171875
1 0.3173828125 0.4912109375 0.041015625 0.12109375
1 0.3486328125 0.5439453125 0.04296875 0.130859375
1 0.4287109375 0.630859375 0.046875 0.140625
1 0.48828125 0.72265625 0.04296875 0.15625
1 0.5498046875 0.8017578125 0.0546875 0.16015625
1 0.603515625 0.900390625 0.046875 0.154296875
1 0.4921875 0.9482421875 0.052734375 0.1015625