1 0.505859375 0.7177734375 0.02734375 0.083984375
1 0.525390625 0.7890625 0.015625 0.078125
1 0.5478515625 0.755859375 0.01953125 0.0859375
1 0.5673828125 0.72265625 0.01953125 0.12109375
1 0.5830078125 0.6552734375 0.0234375 0.111328125
1 0.6064453125 0.6064453125 0.02734375 0.10546875
1 0.6474609375 0.5283203125 0.025390625 0.109375
1 0.6748046875 0.45703125 0.03125 0.123046875
1 0.6259765625 0.4384765625 0.03125 0.10546875
1 0.6630859375 0.2509765625 0.0390625 0.1015625
1 0.1376953125 0.5546875 0.025390625 0.08984375