1 0.7333984375 0.5888671875 0.02734375 0.0859375
1 0.6845703125 0.58984375 0.03125 0.09375
1 0.68359375 0.6767578125 0.046875 0.09765625
1 0.62890625 0.5751953125 0.03515625 0.099609375
1 0.576171875 0.5712890625 0.02734375 0.1015625
1 0.5185546875 0.5595703125 0.0234375 0.111328125
1 0.4462890625 0.5634765625 0.029296875 0.109375
1 0.4091796875 0.546875 0.0234375 0.09375
1 0.3662109375 0.52734375 0.02734375 0.08984375
1 0.318359375 0.5234375 0.01953125 0.10546875
1 0.2822265625 0.6162109375 0.029296875 0.109375