1 0.3408203125 0.1728515625 0.03515625 0.091796875
1 0.3427734375 0.1650390625 0.029296875 0.11328125
1 0.3486328125 0.3291015625 0.025390625 0.140625
1 0.3017578125 0.251953125 0.02734375 0.09765625
1 0.3740234375 0.3984375 0.025390625 0.1171875
1 0.416015625 0.4765625 0.0234375 0.109375
1 0.4189453125 0.4873046875 0.01953125 0.119140625
1 0.435546875 0.521484375 0.021484375 0.1171875
1 0.4716796875 0.634765625 0.0234375 0.099609375
1 0.4873046875 0.66015625 0.015625 0.091796875
1 0.51171875 0.5869140625 0.021484375 0.09375
1 0.890625 0.435546875 0.025390625 0.08203125