1 0.2724609375 0.345703125 0.09765625 0.02734375
1 0.2841796875 0.3935546875 0.095703125 0.025390625
1 0.3125 0.4482421875 0.103515625 0.02734375
1 0.33984375 0.4912109375 0.11328125 0.025390625
1 0.25390625 0.5146484375 0.09375 0.03125
1 0.3642578125 0.5439453125 0.1171875 0.021484375
1 0.3837890625 0.609375 0.1015625 0.0234375
1 0.40234375 0.646484375 0.08203125 0.029296875
1 0.3515625 0.6923828125 0.087890625 0.021484375
1 0.4306640625 0.6865234375 0.09375 0.01953125
1 0.4609375 0.7255859375 0.08984375 0.02734375