1 0.330078125 0.6015625 0.03515625 0.13671875
1 0.3642578125 0.6083984375 0.0390625 0.150390625
1 0.31640625 0.5087890625 0.02734375 0.09765625
1 0.37109375 0.5146484375 0.03515625 0.107421875
1 0.435546875 0.51171875 0.03515625 0.1328125
1 0.5 0.50390625 0.037109375 0.142578125
1 0.5703125 0.505859375 0.03515625 0.130859375
1 0.658203125 0.51953125 0.033203125 0.12109375
1 0.705078125 0.5224609375 0.03515625 0.125
1 0.751953125 0.5078125 0.025390625 0.123046875
1 0.7783203125 0.525390625 0.02734375 0.130859375
1 0.828125 0.4970703125 0.033203125 0.14453125
1 0.8720703125 0.5009765625 0.029296875 0.138671875