1 0.8271484375 0.3408203125 0.091796875 0.03515625
1 0.8349609375 0.3427734375 0.11328125 0.029296875
1 0.6708984375 0.3486328125 0.140625 0.025390625
1 0.748046875 0.3017578125 0.09765625 0.02734375
1 0.6015625 0.3740234375 0.1171875 0.025390625
1 0.5234375 0.416015625 0.109375 0.0234375
1 0.5126953125 0.4189453125 0.119140625 0.01953125
1 0.478515625 0.435546875 0.1171875 0.021484375
1 0.365234375 0.4716796875 0.099609375 0.0234375
1 0.33984375 0.4873046875 0.091796875 0.015625
1 0.4130859375 0.51171875 0.09375 0.021484375
1 0.564453125 0.890625 0.08203125 0.025390625