1 0.802734375 0.556640625 0.09765625 0.0234375
1 0.6455078125 0.490234375 0.08203125 0.0234375
1 0.6796875 0.6083984375 0.12109375 0.029296875
1 0.7412109375 0.638671875 0.080078125 0.0234375
1 0.6162109375 0.5869140625 0.109375 0.0234375
1 0.5341796875 0.548828125 0.09765625 0.021484375
1 0.484375 0.53125 0.09765625 0.01953125
1 0.412109375 0.51953125 0.103515625 0.01953125
1 0.375 0.4990234375 0.08203125 0.0234375
1 0.4140625 0.4755859375 0.087890625 0.0234375
1 0.5859375 0.111328125 0.09765625 0.029296875