1 0.3798828125 0.5703125 0.0244140625 0.0888671875
1 0.4248046875 0.5732421875 0.03515625 0.076171875
1 0.4248046875 0.6435546875 0.02734375 0.087890625
1 0.4775390625 0.5849609375 0.0283203125 0.1015625
1 0.529296875 0.5859375 0.0322265625 0.09765625
1 0.5859375 0.58984375 0.0244140625 0.1044921875
1 0.6591796875 0.6064453125 0.0244140625 0.0908203125
1 0.6982421875 0.60546875 0.0302734375 0.1044921875
1 0.7626953125 0.6962890625 0.0302734375 0.0849609375
1 0.7470703125 0.6005859375 0.03125 0.095703125
1 0.798828125 0.599609375 0.02734375 0.1083984375
1 0.8232421875 0.6767578125 0.025390625 0.0859375