1 0.8740234375 0.8369140625 0.0546875 0.1484375
1 0.7978515625 0.7900390625 0.0625 0.18359375
1 0.72265625 0.7041015625 0.06640625 0.18359375
1 0.6455078125 0.6669921875 0.05078125 0.16015625
1 0.5703125 0.609375 0.044921875 0.15234375
1 0.462890625 0.5595703125 0.046875 0.1484375
1 0.419921875 0.515625 0.0546875 0.15625
1 0.375 0.4619140625 0.05078125 0.14453125
1 0.322265625 0.4013671875 0.0390625 0.12890625
1 0.7041015625 0.892578125 0.052734375 0.15625
1 0.2802734375 0.380859375 0.04296875 0.125
1 0.271484375 0.501953125 0.037109375 0.12890625