1 0.1669921875 0.8564453125 0.052734375 0.142578125
1 0.2412109375 0.8056640625 0.0634765625 0.1826171875
1 0.3134765625 0.71875 0.0654296875 0.18359375
1 0.3837890625 0.6796875 0.0478515625 0.15234375
1 0.4609375 0.611328125 0.044921875 0.15234375
1 0.564453125 0.548828125 0.0478515625 0.1484375
1 0.603515625 0.505859375 0.0556640625 0.1572265625
1 0.6484375 0.4560546875 0.0478515625 0.1376953125
1 0.7080078125 0.400390625 0.0341796875 0.1201171875
1 0.341796875 0.90625 0.048828125 0.1484375
1 0.7451171875 0.37109375 0.029296875 0.1123046875