1 0.3857421875 0.3017578125 0.0224609375 0.0576171875
1 0.408203125 0.3134765625 0.0263671875 0.0703125
1 0.3740234375 0.21875 0.0224609375 0.0634765625
1 0.408203125 0.224609375 0.0244140625 0.0634765625
1 0.4501953125 0.2275390625 0.029296875 0.0693359375
1 0.48828125 0.2255859375 0.021484375 0.0712890625
1 0.5283203125 0.240234375 0.01953125 0.0712890625
1 0.58203125 0.2587890625 0.0185546875 0.072265625
1 0.615234375 0.2646484375 0.021484375 0.0615234375
1 0.650390625 0.271484375 0.0234375 0.0654296875
1 0.681640625 0.2578125 0.0224609375 0.06640625