1 0.73046875 0.2958984375 0.03125 0.11328125
1 0.6806640625 0.3125 0.025390625 0.109375
1 0.626953125 0.3427734375 0.02734375 0.10546875
1 0.5830078125 0.3740234375 0.02734375 0.111328125
1 0.5302734375 0.3984375 0.01953125 0.11328125
1 0.462890625 0.4375 0.025390625 0.10546875
1 0.42578125 0.4677734375 0.021484375 0.10546875
1 0.388671875 0.4931640625 0.021484375 0.09765625
1 0.3525390625 0.53125 0.01953125 0.08984375
1 0.349609375 0.4658203125 0.02734375 0.08984375
1 0.5634765625 0.259765625 0.033203125 0.08984375