1 0.26953125 0.7041015625 0.0322265625 0.1142578125
1 0.3193359375 0.6875 0.025390625 0.1083984375
1 0.373046875 0.6572265625 0.0263671875 0.10546875
1 0.4169921875 0.6259765625 0.02734375 0.111328125
1 0.4697265625 0.6015625 0.0205078125 0.11328125
1 0.537109375 0.5625 0.025390625 0.1064453125
1 0.57421875 0.5322265625 0.021484375 0.1064453125
1 0.611328125 0.5068359375 0.021484375 0.09765625
1 0.6474609375 0.46875 0.0185546875 0.0908203125
1 0.650390625 0.5341796875 0.0263671875 0.08984375
1 0.4365234375 0.740234375 0.033203125 0.08984375