1 0.6826171875 0.3525390625 0.044921875 0.150390625
1 0.6484375 0.3037109375 0.048828125 0.13671875
1 0.6025390625 0.3427734375 0.0400390625 0.11328125
1 0.5712890625 0.4228515625 0.04296875 0.1259765625
1 0.5458984375 0.4892578125 0.041015625 0.1328125
1 0.521484375 0.541015625 0.0439453125 0.142578125
1 0.4423828125 0.646484375 0.056640625 0.1474609375
1 0.388671875 0.734375 0.05859375 0.1552734375
1 0.32421875 0.828125 0.0537109375 0.146484375
1 0.3955078125 0.96484375 0.0498046875 0.0693359375
1 0.2783203125 0.931640625 0.0439453125 0.099609375