1 0.287109375 0.7314453125 0.11328125 0.03125
1 0.3046875 0.6806640625 0.109375 0.025390625
1 0.3330078125 0.6279296875 0.10546875 0.02734375
1 0.3671875 0.5830078125 0.1171875 0.029296875
1 0.390625 0.5322265625 0.107421875 0.01953125
1 0.42578125 0.4658203125 0.10546875 0.025390625
1 0.455078125 0.4267578125 0.11328125 0.0234375
1 0.4794921875 0.3896484375 0.09765625 0.021484375
1 0.525390625 0.353515625 0.08984375 0.01953125
1 0.251953125 0.564453125 0.08984375 0.033203125
1 0.4111328125 0.3544921875 0.0859375 0.025390625