1 0.865234375 0.7197265625 0.033203125 0.0986328125
1 0.326171875 0.7451171875 0.0302734375 0.1103515625
1 0.4150390625 0.765625 0.0341796875 0.0908203125
1 0.3642578125 0.673828125 0.03125 0.1171875
1 0.3955078125 0.619140625 0.0302734375 0.1162109375
1 0.4423828125 0.5546875 0.0205078125 0.1044921875
1 0.4677734375 0.5107421875 0.0166015625 0.0888671875
1 0.4873046875 0.4560546875 0.0205078125 0.099609375
1 0.51171875 0.4130859375 0.0205078125 0.08984375
1 0.5380859375 0.388671875 0.021484375 0.0810546875
1 0.5361328125 0.4609375 0.02734375 0.0810546875
1 0.517578125 0.5947265625 0.0283203125 0.08203125
1 0.2890625 0.8203125 0.0205078125 0.0732421875