1 0.5546875 0.67578125 0.021484375 0.0546875
1 0.5341796875 0.6611328125 0.02734375 0.0703125
1 0.533203125 0.74609375 0.029296875 0.0703125
1 0.4931640625 0.744140625 0.021484375 0.0703125
1 0.4560546875 0.751953125 0.01953125 0.068359375
1 0.4130859375 0.732421875 0.017578125 0.06640625
1 0.3623046875 0.7119140625 0.021484375 0.0625
1 0.330078125 0.7080078125 0.02734375 0.0703125
1 0.2939453125 0.7060546875 0.0234375 0.06640625
1 0.2607421875 0.71875 0.01953125 0.06640625
1 0.5673828125 0.7626953125 0.017578125 0.060546875