1 0.537109375 0.6416015625 0.1328125 0.037109375
1 0.533203125 0.568359375 0.107421875 0.02734375
1 0.5419921875 0.4775390625 0.13671875 0.0390625
1 0.544921875 0.38671875 0.126953125 0.029296875
1 0.544921875 0.333984375 0.130859375 0.0390625
1 0.55078125 0.283203125 0.134765625 0.03515625
1 0.5693359375 0.2626953125 0.1171875 0.02734375
1 0.564453125 0.201171875 0.14453125 0.03125
1 0.546875 0.158203125 0.123046875 0.025390625
1 0.5390625 0.1142578125 0.1171875 0.01953125
1 0.5595703125 0.79296875 0.080078125 0.02734375
1 0.546875 0.720703125 0.11328125 0.03515625
1 0.4853515625 0.7255859375 0.15234375 0.046875
1 0.44140625 0.76953125 0.15625 0.044921875