1 0.828125 0.6708984375 0.0859375 0.03515625
1 0.875 0.654296875 0.107421875 0.02734375
1 0.673828125 0.6708984375 0.140625 0.025390625
1 0.7333984375 0.712890625 0.09765625 0.02734375
1 0.6083984375 0.6455078125 0.1171875 0.025390625
1 0.529296875 0.6025390625 0.109375 0.0234375
1 0.4765625 0.58203125 0.119140625 0.01953125
1 0.4228515625 0.5654296875 0.11328125 0.01953125
1 0.3720703125 0.5439453125 0.099609375 0.0234375
1 0.34765625 0.5263671875 0.091796875 0.015625
1 0.419921875 0.50390625 0.09375 0.021484375
1 0.5654296875 0.126953125 0.08203125 0.025390625