1 0.2802734375 0.134765625 0.09765625 0.033203125
1 0.2548828125 0.673828125 0.109375 0.03125
1 0.234375 0.5849609375 0.08984375 0.03515625
1 0.326171875 0.6357421875 0.1171875 0.03125
1 0.380859375 0.6044921875 0.1171875 0.03125
1 0.4453125 0.5576171875 0.10546875 0.01953125
1 0.4892578125 0.5322265625 0.08984375 0.015625
1 0.5439453125 0.5126953125 0.099609375 0.01953125
1 0.5869140625 0.48828125 0.08984375 0.01953125
1 0.611328125 0.4619140625 0.08203125 0.021484375
1 0.5390625 0.4638671875 0.08203125 0.02734375
1 0.4052734375 0.482421875 0.08203125 0.02734375
1 0.1796875 0.7109375 0.07421875 0.01953125