1 0.623046875 0.625 0.099609375 0.0234375
1 0.689453125 0.599609375 0.1015625 0.03515625
1 0.6650390625 0.5654296875 0.08984375 0.03125
1 0.603515625 0.541015625 0.1015625 0.03125
1 0.5419921875 0.5205078125 0.09765625 0.03515625
1 0.494140625 0.4970703125 0.091796875 0.03125
1 0.419921875 0.435546875 0.111328125 0.04296875
1 0.3623046875 0.3916015625 0.130859375 0.046875
1 0.279296875 0.34765625 0.1171875 0.03125
1 0.1708984375 0.4072265625 0.12109375 0.04296875
1 0.1953125 0.3134765625 0.109375 0.02734375
1 0.123046875 0.265625 0.09375 0.029296875