1 0.3779296875 0.5458984375 0.0244140625 0.0888671875
1 0.4248046875 0.548828125 0.03515625 0.076171875
1 0.4228515625 0.6328125 0.0263671875 0.0849609375
1 0.4775390625 0.560546875 0.0283203125 0.1015625
1 0.5302734375 0.5634765625 0.0322265625 0.09765625
1 0.587890625 0.56640625 0.0244140625 0.1044921875
1 0.6630859375 0.5810546875 0.0244140625 0.0908203125
1 0.703125 0.580078125 0.0302734375 0.1044921875
1 0.7890625 0.671875 0.0302734375 0.0849609375
1 0.7509765625 0.576171875 0.03125 0.095703125
1 0.806640625 0.5654296875 0.029296875 0.1142578125
1 0.828125 0.6484375 0.025390625 0.0859375