1 0.3544921875 0.9765625 0.107421875 0.037109375
1 0.5947265625 0.623046875 0.099609375 0.0234375
1 0.6796875 0.583984375 0.09375 0.033203125
1 0.6474609375 0.5595703125 0.08984375 0.03125
1 0.595703125 0.5390625 0.1015625 0.03125
1 0.54296875 0.521484375 0.09375 0.03515625
1 0.4990234375 0.4990234375 0.091796875 0.03125
1 0.431640625 0.4443359375 0.1015625 0.0390625
1 0.380859375 0.4052734375 0.1171875 0.04296875
1 0.30859375 0.369140625 0.1171875 0.03125
1 0.2265625 0.404296875 0.109375 0.0390625