1 0.830078125 0.6796875 0.0234375 0.08984375
1 0.447265625 0.69921875 0.0263671875 0.087890625
1 0.3935546875 0.7919921875 0.0283203125 0.0947265625
1 0.30078125 0.796875 0.0302734375 0.109375
1 0.33203125 0.7275390625 0.0302734375 0.1162109375
1 0.3603515625 0.6640625 0.0205078125 0.099609375
1 0.400390625 0.5751953125 0.0244140625 0.1064453125
1 0.421875 0.5419921875 0.0234375 0.0966796875
1 0.4384765625 0.4658203125 0.01953125 0.103515625
1 0.4580078125 0.4306640625 0.021484375 0.1044921875
1 0.4833984375 0.4775390625 0.0224609375 0.080078125