1 0.6708984375 0.171875 0.03515625 0.0859375
1 0.654296875 0.125 0.02734375 0.107421875
1 0.6708984375 0.326171875 0.025390625 0.140625
1 0.712890625 0.2666015625 0.02734375 0.09765625
1 0.6455078125 0.3916015625 0.025390625 0.1171875
1 0.6025390625 0.470703125 0.0234375 0.109375
1 0.58203125 0.5234375 0.01953125 0.119140625
1 0.5654296875 0.5771484375 0.01953125 0.11328125
1 0.5439453125 0.6279296875 0.0234375 0.099609375
1 0.5263671875 0.65234375 0.015625 0.091796875
1 0.50390625 0.580078125 0.021484375 0.09375
1 0.126953125 0.4345703125 0.025390625 0.08203125