1 0.625 0.376953125 0.0234375 0.099609375
1 0.599609375 0.310546875 0.0361328125 0.1015625
1 0.5654296875 0.3349609375 0.03125 0.0888671875
1 0.541015625 0.396484375 0.0302734375 0.1015625
1 0.5205078125 0.4580078125 0.03515625 0.09765625
1 0.4970703125 0.505859375 0.03125 0.091796875
1 0.435546875 0.580078125 0.0439453125 0.111328125
1 0.3916015625 0.6376953125 0.0458984375 0.130859375
1 0.34765625 0.720703125 0.0302734375 0.1171875
1 0.4072265625 0.8291015625 0.0439453125 0.1201171875
1 0.3134765625 0.8046875 0.0263671875 0.1103515625
1 0.265625 0.876953125 0.029296875 0.0927734375