1 0.169921875 0.439453125 0.09765625 0.0234375
1 0.3544921875 0.5126953125 0.08203125 0.0234375
1 0.3212890625 0.3955078125 0.12109375 0.029296875
1 0.26171875 0.36328125 0.080078125 0.0234375
1 0.3837890625 0.416015625 0.1015625 0.0234375
1 0.4638671875 0.453125 0.1015625 0.0234375
1 0.5146484375 0.470703125 0.1015625 0.01953125
1 0.5869140625 0.4833984375 0.103515625 0.01953125
1 0.6240234375 0.5029296875 0.08203125 0.0234375
1 0.58203125 0.51953125 0.087890625 0.0234375
1 0.4111328125 0.8916015625 0.091796875 0.029296875