1 0.43359375 0.302734375 0.021484375 0.0546875
1 0.458984375 0.3134765625 0.0263671875 0.0703125
1 0.4248046875 0.21875 0.0244140625 0.0634765625
1 0.458984375 0.2314453125 0.029296875 0.0693359375
1 0.4990234375 0.2333984375 0.021484375 0.0712890625
1 0.53515625 0.23828125 0.0185546875 0.068359375
1 0.5810546875 0.2421875 0.017578125 0.06640625
1 0.6298828125 0.265625 0.021484375 0.0615234375
1 0.6630859375 0.2724609375 0.0244140625 0.0693359375
1 0.6982421875 0.2705078125 0.0224609375 0.06640625
1 0.7314453125 0.2568359375 0.01953125 0.0654296875