1 0.2177734375 0.78125 0.05078125 0.2216796875
1 0.306640625 0.7685546875 0.0517578125 0.201171875
1 0.3974609375 0.732421875 0.041015625 0.2080078125
1 0.482421875 0.7607421875 0.056640625 0.1591796875
1 0.4873046875 0.66015625 0.041015625 0.1396484375
1 0.5751953125 0.66015625 0.0478515625 0.2060546875
1 0.7060546875 0.6357421875 0.0517578125 0.1953125
1 0.7646484375 0.6103515625 0.0498046875 0.1748046875
1 0.826171875 0.560546875 0.0576171875 0.189453125
1 0.904296875 0.5400390625 0.033203125 0.154296875
1 0.923828125 0.517578125 0.0390625 0.119140625