1 0.0234375 0.3544921875 0.03515625 0.107421875
1 0.376953125 0.5947265625 0.0234375 0.099609375
1 0.416015625 0.6796875 0.033203125 0.09375
1 0.4404296875 0.6474609375 0.03125 0.08984375
1 0.4609375 0.595703125 0.03125 0.1015625
1 0.478515625 0.54296875 0.03515625 0.09375
1 0.5009765625 0.4990234375 0.03125 0.091796875
1 0.5556640625 0.431640625 0.0390625 0.1015625
1 0.5947265625 0.380859375 0.04296875 0.1171875
1 0.630859375 0.30859375 0.03125 0.1171875
1 0.595703125 0.2265625 0.0390625 0.109375