1 0.5537109375 0.2119140625 0.0234375 0.1015625
1 0.4892578125 0.34375 0.0234375 0.08203125
1 0.60546875 0.3125 0.02734375 0.1171875
1 0.634765625 0.2412109375 0.0234375 0.080078125
1 0.583984375 0.3740234375 0.0234375 0.10546875
1 0.5478515625 0.455078125 0.021484375 0.09765625
1 0.5302734375 0.505859375 0.01953125 0.09765625
1 0.517578125 0.578125 0.01953125 0.103515625
1 0.4970703125 0.6123046875 0.0234375 0.08203125
1 0.47265625 0.564453125 0.021484375 0.083984375
1 0.1103515625 0.404296875 0.029296875 0.09765625