1 0.2783203125 0.79296875 0.0341796875 0.1201171875
1 0.3095703125 0.724609375 0.025390625 0.11328125
1 0.3388671875 0.662109375 0.02734375 0.111328125
1 0.3837890625 0.583984375 0.02734375 0.1123046875
1 0.400390625 0.5390625 0.0234375 0.1015625
1 0.419921875 0.4697265625 0.021484375 0.1171875
1 0.4404296875 0.4345703125 0.017578125 0.080078125
1 0.4638671875 0.40234375 0.0185546875 0.0771484375
1 0.470703125 0.482421875 0.0263671875 0.0859375
1 0.4404296875 0.6728515625 0.025390625 0.0859375
1 0.37109375 0.794921875 0.029296875 0.080078125
1 0.806640625 0.677734375 0.0234375 0.087890625