1 0.3525390625 0.0185546875 0.107421875 0.03515625
1 0.59375 0.3740234375 0.099609375 0.0234375
1 0.6708984375 0.4033203125 0.09375 0.033203125
1 0.6484375 0.435546875 0.0859375 0.029296875
1 0.59375 0.4560546875 0.1015625 0.03125
1 0.5380859375 0.4755859375 0.09375 0.03515625
1 0.4970703125 0.4970703125 0.091796875 0.03125
1 0.427734375 0.55078125 0.1015625 0.0390625
1 0.3798828125 0.591796875 0.11328125 0.0390625
1 0.306640625 0.625 0.111328125 0.029296875
1 0.2236328125 0.5888671875 0.103515625 0.037109375