1 0.169921875 0.3203125 0.0234375 0.08984375
1 0.552734375 0.30078125 0.02734375 0.087890625
1 0.6064453125 0.2080078125 0.02734375 0.09375
1 0.69921875 0.203125 0.03125 0.109375
1 0.66796875 0.2724609375 0.03125 0.1171875
1 0.6396484375 0.3359375 0.01953125 0.099609375
1 0.599609375 0.4248046875 0.0234375 0.10546875
1 0.578125 0.4580078125 0.0234375 0.09765625
1 0.5615234375 0.5341796875 0.01953125 0.103515625
1 0.5419921875 0.5693359375 0.021484375 0.10546875
1 0.5166015625 0.5224609375 0.0234375 0.080078125