1 0.7216796875 0.20703125 0.03515625 0.12109375
1 0.6904296875 0.275390625 0.025390625 0.11328125
1 0.6611328125 0.337890625 0.02734375 0.111328125
1 0.6162109375 0.416015625 0.02734375 0.11328125
1 0.599609375 0.4609375 0.0234375 0.1015625
1 0.580078125 0.5302734375 0.021484375 0.1171875
1 0.5595703125 0.5654296875 0.017578125 0.080078125
1 0.5361328125 0.59765625 0.01953125 0.078125
1 0.529296875 0.517578125 0.02734375 0.0859375
1 0.5595703125 0.3271484375 0.025390625 0.0859375
1 0.62890625 0.205078125 0.029296875 0.080078125
1 0.193359375 0.322265625 0.0234375 0.087890625