1 0.5703125 0.3798828125 0.08984375 0.0234375
1 0.5732421875 0.4248046875 0.076171875 0.03515625
1 0.6435546875 0.4248046875 0.087890625 0.02734375
1 0.5849609375 0.4775390625 0.1015625 0.02734375
1 0.5859375 0.529296875 0.09765625 0.03125
1 0.58984375 0.5859375 0.10546875 0.0234375
1 0.6064453125 0.6591796875 0.08984375 0.0234375
1 0.60546875 0.6982421875 0.10546875 0.03125
1 0.6962890625 0.7626953125 0.0859375 0.03125
1 0.6005859375 0.7470703125 0.095703125 0.03125
1 0.599609375 0.798828125 0.109375 0.02734375
1 0.6767578125 0.8232421875 0.0859375 0.025390625