1 0.87890625 0.7939453125 0.048828125 0.181640625
1 0.7958984375 0.7421875 0.04296875 0.16796875
1 0.7119140625 0.6826171875 0.04296875 0.1875
1 0.6298828125 0.619140625 0.0390625 0.09765625
1 0.552734375 0.5712890625 0.03515625 0.166015625
1 0.439453125 0.51171875 0.02734375 0.16796875
1 0.3896484375 0.466796875 0.03125 0.150390625
1 0.3359375 0.4287109375 0.029296875 0.14453125
1 0.28125 0.3681640625 0.03515625 0.130859375
1 0.640625 0.681640625 0.041015625 0.14453125
1 0.2509765625 0.4072265625 0.044921875 0.13671875