1 0.1259765625 0.8369140625 0.0556640625 0.1494140625
1 0.2021484375 0.7900390625 0.0634765625 0.1826171875
1 0.27734375 0.7041015625 0.0654296875 0.18359375
1 0.3544921875 0.6669921875 0.0498046875 0.16015625
1 0.4296875 0.609375 0.044921875 0.15234375
1 0.537109375 0.5595703125 0.0478515625 0.1484375
1 0.580078125 0.515625 0.0556640625 0.1572265625
1 0.625 0.4619140625 0.0498046875 0.1455078125
1 0.677734375 0.4013671875 0.0380859375 0.12890625
1 0.2958984375 0.892578125 0.0517578125 0.15625
1 0.7197265625 0.380859375 0.0419921875 0.125
1 0.728515625 0.501953125 0.037109375 0.1298828125