1 0.8173828125 0.1279296875 0.15625 0.05859375
1 0.775390625 0.2041015625 0.17578125 0.05859375
1 0.6953125 0.28125 0.18359375 0.06640625
1 0.66015625 0.3583984375 0.16796875 0.05078125
1 0.60546875 0.4345703125 0.15234375 0.044921875
1 0.564453125 0.5439453125 0.1484375 0.046875
1 0.5126953125 0.5859375 0.15625 0.0546875
1 0.466796875 0.6337890625 0.14453125 0.05078125
1 0.40625 0.6884765625 0.12890625 0.0390625
1 0.8427734375 0.2880859375 0.1640625 0.0546875
1 0.404296875 0.7275390625 0.125 0.04296875
1 0.5341796875 0.705078125 0.13671875 0.0390625