1 0.65625 0.2978515625 0.02734375 0.09765625
1 0.6083984375 0.30859375 0.025390625 0.095703125
1 0.552734375 0.3369140625 0.02734375 0.103515625
1 0.509765625 0.3662109375 0.025390625 0.11328125
1 0.490234375 0.271484375 0.03125 0.09375
1 0.4560546875 0.390625 0.0234375 0.123046875
1 0.388671875 0.41015625 0.0234375 0.1015625
1 0.3515625 0.427734375 0.029296875 0.08203125
1 0.298828125 0.37890625 0.01953125 0.0859375
1 0.3115234375 0.45703125 0.01953125 0.09375
1 0.2734375 0.486328125 0.02734375 0.08984375