1 0.28125 0.443359375 0.1171875 0.029296875
1 0.2958984375 0.4208984375 0.119140625 0.02734375
1 0.38671875 0.40625 0.08203125 0.02734375
1 0.369140625 0.455078125 0.08984375 0.03125
1 0.3681640625 0.5087890625 0.1015625 0.02734375
1 0.3583984375 0.5625 0.130859375 0.03515625
1 0.3583984375 0.625 0.1171875 0.03125
1 0.326171875 0.7001953125 0.11328125 0.02734375
1 0.328125 0.7431640625 0.111328125 0.029296875
1 0.3349609375 0.791015625 0.12890625 0.025390625
1 0.3193359375 0.810546875 0.10546875 0.029296875
1 0.3203125 0.8583984375 0.10546875 0.025390625