1 0.28125 0.28515625 0.03125 0.11328125
1 0.3310546875 0.3037109375 0.025390625 0.109375
1 0.3837890625 0.3310546875 0.02734375 0.10546875
1 0.4287109375 0.3681640625 0.029296875 0.1171875
1 0.478515625 0.3818359375 0.01953125 0.11328125
1 0.546875 0.4248046875 0.025390625 0.10546875
1 0.5849609375 0.4521484375 0.0234375 0.1171875
1 0.62109375 0.4833984375 0.021484375 0.09765625
1 0.65625 0.5205078125 0.01953125 0.08984375
1 0.4482421875 0.2509765625 0.033203125 0.08984375
1 0.65625 0.4140625 0.025390625 0.0859375