1 0.28515625 0.1875 0.02734375 0.078125
1 0.322265625 0.2568359375 0.025390625 0.1171875
1 0.3583984375 0.3212890625 0.02734375 0.12109375
1 0.392578125 0.380859375 0.0234375 0.103515625
1 0.439453125 0.453125 0.01953125 0.1015625
1 0.4658203125 0.498046875 0.01953125 0.10546875
1 0.4873046875 0.544921875 0.015625 0.09375
1 0.5068359375 0.58984375 0.01953125 0.09765625
1 0.5302734375 0.6162109375 0.015625 0.08984375
1 0.5341796875 0.533203125 0.02734375 0.0859375
1 0.5263671875 0.4228515625 0.03125 0.09375
1 0.8642578125 0.2763671875 0.029296875 0.103515625