1 0.3583984375 0.462890625 0.037109375 0.1337890625
1 0.431640625 0.466796875 0.0263671875 0.107421875
1 0.5224609375 0.4580078125 0.0380859375 0.1357421875
1 0.61328125 0.455078125 0.029296875 0.126953125
1 0.666015625 0.455078125 0.0380859375 0.130859375
1 0.716796875 0.44921875 0.0361328125 0.134765625
1 0.7373046875 0.4306640625 0.0263671875 0.1171875
1 0.798828125 0.435546875 0.03125 0.14453125
1 0.841796875 0.453125 0.025390625 0.123046875
1 0.8857421875 0.4609375 0.0205078125 0.1181640625
1 0.20703125 0.4404296875 0.0283203125 0.080078125
1 0.279296875 0.453125 0.03515625 0.11328125
1 0.2744140625 0.5146484375 0.0478515625 0.15234375
1 0.23046875 0.55859375 0.044921875 0.1572265625