1 0.7177734375 0.3486328125 0.09765625 0.02734375
1 0.7099609375 0.3935546875 0.095703125 0.025390625
1 0.673828125 0.4462890625 0.103515625 0.02734375
1 0.6533203125 0.490234375 0.11328125 0.025390625
1 0.7158203125 0.515625 0.09375 0.03125
1 0.630859375 0.544921875 0.123046875 0.0234375
1 0.59765625 0.6083984375 0.1015625 0.0234375
1 0.58984375 0.64453125 0.08203125 0.029296875
1 0.625 0.6796875 0.09375 0.0234375
1 0.5595703125 0.6923828125 0.09375 0.01953125
1 0.5361328125 0.724609375 0.08984375 0.02734375