1 0.345703125 0.7275390625 0.0263671875 0.09765625
1 0.3935546875 0.7158203125 0.025390625 0.095703125
1 0.4482421875 0.6875 0.0283203125 0.103515625
1 0.4912109375 0.66015625 0.025390625 0.1123046875
1 0.5146484375 0.74609375 0.0302734375 0.0927734375
1 0.5439453125 0.6357421875 0.021484375 0.1171875
1 0.609375 0.6162109375 0.0234375 0.1015625
1 0.646484375 0.59765625 0.029296875 0.0830078125
1 0.6923828125 0.6484375 0.021484375 0.087890625
1 0.6865234375 0.5693359375 0.01953125 0.0927734375
1 0.7255859375 0.5390625 0.0283203125 0.0908203125