1 0.4453125 0.32421875 0.021484375 0.0546875
1 0.4658203125 0.3388671875 0.0263671875 0.0703125
1 0.466796875 0.25390625 0.029296875 0.0693359375
1 0.5068359375 0.255859375 0.021484375 0.0712890625
1 0.5439453125 0.248046875 0.0185546875 0.068359375
1 0.5869140625 0.267578125 0.017578125 0.06640625
1 0.6376953125 0.2880859375 0.021484375 0.0615234375
1 0.669921875 0.2919921875 0.0263671875 0.0712890625
1 0.7060546875 0.2939453125 0.0224609375 0.06640625
1 0.7392578125 0.28125 0.01953125 0.0654296875
1 0.4326171875 0.2373046875 0.017578125 0.060546875