1 0.3291015625 0.828125 0.0341796875 0.0869140625
1 0.345703125 0.875 0.0283203125 0.107421875
1 0.3291015625 0.673828125 0.025390625 0.140625
1 0.287109375 0.7333984375 0.0263671875 0.0986328125
1 0.3544921875 0.6083984375 0.025390625 0.1171875
1 0.3974609375 0.529296875 0.0244140625 0.109375
1 0.41796875 0.4765625 0.0205078125 0.119140625
1 0.4345703125 0.4228515625 0.0205078125 0.1123046875
1 0.4560546875 0.3720703125 0.0244140625 0.099609375
1 0.4736328125 0.34765625 0.0166015625 0.091796875
1 0.49609375 0.419921875 0.021484375 0.0927734375
1 0.873046875 0.5654296875 0.025390625 0.08203125