1 0.1376953125 0.8046875 0.05859375 0.15625
1 0.2158203125 0.765625 0.0625 0.18359375
1 0.2939453125 0.6884765625 0.06640625 0.18359375
1 0.37109375 0.65625 0.05078125 0.16796875
1 0.4462890625 0.6025390625 0.044921875 0.15234375
1 0.5576171875 0.5634765625 0.046875 0.1484375
1 0.599609375 0.515625 0.052734375 0.1484375
1 0.6494140625 0.4697265625 0.05078125 0.14453125
1 0.705078125 0.412109375 0.0390625 0.12890625
1 0.3017578125 0.8115234375 0.056640625 0.171875
1 0.7412109375 0.412109375 0.04296875 0.125
1 0.7041015625 0.5546875 0.041015625 0.142578125