1 0.3486328125 0.7177734375 0.0263671875 0.09765625
1 0.3935546875 0.7099609375 0.025390625 0.095703125
1 0.4462890625 0.673828125 0.0283203125 0.103515625
1 0.490234375 0.6533203125 0.025390625 0.1123046875
1 0.515625 0.7158203125 0.0302734375 0.0927734375
1 0.544921875 0.630859375 0.0224609375 0.123046875
1 0.6083984375 0.59765625 0.0234375 0.1015625
1 0.64453125 0.58984375 0.029296875 0.0830078125
1 0.6796875 0.625 0.0224609375 0.0927734375
1 0.6923828125 0.5595703125 0.01953125 0.0927734375
1 0.724609375 0.5361328125 0.0283203125 0.0908203125