1 0.4736328125 0.57421875 0.0859375 0.021484375
1 0.46875 0.5517578125 0.09765625 0.025390625
1 0.5703125 0.58984375 0.078125 0.021484375
1 0.560546875 0.5419921875 0.091796875 0.03125
1 0.5576171875 0.4892578125 0.0859375 0.0234375
1 0.5478515625 0.4365234375 0.103515625 0.021484375
1 0.541015625 0.376953125 0.1015625 0.03125
1 0.5166015625 0.3037109375 0.08984375 0.033203125
1 0.5185546875 0.26171875 0.095703125 0.029296875
1 0.5107421875 0.216796875 0.08203125 0.0234375
1 0.51171875 0.1982421875 0.0859375 0.03125
1 0.498046875 0.1533203125 0.09375 0.0234375