1 0.1494140625 0.5634765625 0.09765625 0.0234375
1 0.3515625 0.486328125 0.08203125 0.0234375
1 0.3173828125 0.6025390625 0.12109375 0.029296875
1 0.255859375 0.634765625 0.080078125 0.0234375
1 0.380859375 0.58203125 0.1015625 0.0234375
1 0.4609375 0.544921875 0.1015625 0.0234375
1 0.513671875 0.5263671875 0.1015625 0.01953125
1 0.583984375 0.515625 0.103515625 0.01953125
1 0.6201171875 0.4951171875 0.08203125 0.0234375
1 0.572265625 0.478515625 0.083984375 0.021484375
1 0.4052734375 0.1064453125 0.091796875 0.02734375