1 0.2021484375 0.6953125 0.0537109375 0.2333984375
1 0.2939453125 0.7177734375 0.0498046875 0.1923828125
1 0.38671875 0.693359375 0.041015625 0.2080078125
1 0.3935546875 0.763671875 0.0595703125 0.1669921875
1 0.4765625 0.6572265625 0.041015625 0.1787109375
1 0.568359375 0.6328125 0.0478515625 0.2060546875
1 0.705078125 0.6328125 0.0517578125 0.1953125
1 0.7705078125 0.6279296875 0.052734375 0.1826171875
1 0.8388671875 0.5771484375 0.0517578125 0.171875
1 0.9189453125 0.5703125 0.04296875 0.1396484375
1 0.9482421875 0.5068359375 0.03515625 0.1083984375
1 0.298828125 0.85546875 0.0712890625 0.1708984375