1 0.1181640625 0.7607421875 0.07421875 0.02734375
1 0.21484375 0.73046875 0.12109375 0.03515625
1 0.283203125 0.6982421875 0.11328125 0.025390625
1 0.3447265625 0.66796875 0.111328125 0.02734375
1 0.421875 0.623046875 0.11328125 0.02734375
1 0.46875 0.6005859375 0.107421875 0.0234375
1 0.5361328125 0.5849609375 0.111328125 0.01953125
1 0.56640625 0.5634765625 0.080078125 0.017578125
1 0.6015625 0.541015625 0.078125 0.01953125
1 0.5244140625 0.533203125 0.0859375 0.02734375
1 0.3583984375 0.5615234375 0.08984375 0.02734375
1 0.2041015625 0.638671875 0.080078125 0.029296875
1 0.3212890625 0.2001953125 0.087890625 0.0234375