1 0.6826171875 0.353515625 0.044921875 0.150390625
1 0.6494140625 0.3056640625 0.048828125 0.13671875
1 0.6025390625 0.33984375 0.0400390625 0.11328125
1 0.5712890625 0.423828125 0.04296875 0.1259765625
1 0.5478515625 0.486328125 0.041015625 0.1328125
1 0.5205078125 0.5400390625 0.0439453125 0.142578125
1 0.4423828125 0.64453125 0.056640625 0.1474609375
1 0.3876953125 0.7333984375 0.0615234375 0.1630859375
1 0.326171875 0.828125 0.0537109375 0.146484375
1 0.396484375 0.966796875 0.0478515625 0.0654296875
1 0.279296875 0.931640625 0.0458984375 0.103515625