1 0.5693359375 0.1376953125 0.0234375 0.09765625
1 0.4912109375 0.353515625 0.0234375 0.08203125
1 0.6025390625 0.32421875 0.029296875 0.12109375
1 0.6337890625 0.2578125 0.0234375 0.080078125
1 0.5810546875 0.38671875 0.0234375 0.10546875
1 0.544921875 0.4677734375 0.0234375 0.1015625
1 0.5263671875 0.51953125 0.01953125 0.1015625
1 0.5146484375 0.587890625 0.01953125 0.099609375
1 0.494140625 0.625 0.0234375 0.08203125
1 0.4775390625 0.6181640625 0.021484375 0.083984375
1 0.1044921875 0.4130859375 0.029296875 0.091796875