1 0.5263671875 0.42578125 0.0859375 0.021484375
1 0.53125 0.4482421875 0.09765625 0.025390625
1 0.4296875 0.41015625 0.078125 0.021484375
1 0.439453125 0.4580078125 0.091796875 0.03125
1 0.4423828125 0.5107421875 0.0859375 0.0234375
1 0.4521484375 0.5634765625 0.103515625 0.021484375
1 0.458984375 0.623046875 0.1015625 0.03125
1 0.4833984375 0.6962890625 0.08984375 0.033203125
1 0.4814453125 0.73828125 0.095703125 0.029296875
1 0.4892578125 0.783203125 0.08203125 0.0234375
1 0.48828125 0.8017578125 0.0859375 0.03125
1 0.501953125 0.8466796875 0.09375 0.0234375