1 0.5634765625 0.501953125 0.01953125 0.06640625
1 0.5380859375 0.4130859375 0.025390625 0.0625
1 0.4912109375 0.48828125 0.021484375 0.064453125
1 0.4521484375 0.4921875 0.021484375 0.07421875
1 0.4130859375 0.478515625 0.0234375 0.0703125
1 0.361328125 0.453125 0.017578125 0.07421875
1 0.3291015625 0.455078125 0.021484375 0.064453125
1 0.2939453125 0.447265625 0.02734375 0.0703125
1 0.2626953125 0.4677734375 0.01953125 0.07421875
1 0.5478515625 0.419921875 0.0234375 0.064453125
1 0.529296875 0.4970703125 0.015625 0.0625