1 0.6796875 0.369140625 0.04296875 0.1435546875
1 0.6435546875 0.3203125 0.048828125 0.13671875
1 0.6015625 0.359375 0.0400390625 0.11328125
1 0.5693359375 0.4384765625 0.04296875 0.1259765625
1 0.544921875 0.5029296875 0.0390625 0.126953125
1 0.51953125 0.5556640625 0.0439453125 0.142578125
1 0.4404296875 0.66015625 0.056640625 0.1474609375
1 0.38671875 0.75 0.05859375 0.1552734375
1 0.32421875 0.845703125 0.0537109375 0.146484375
1 0.39453125 0.966796875 0.0478515625 0.0654296875
1 0.27734375 0.9501953125 0.0439453125 0.099609375