1 0.2001953125 0.6435546875 0.05078125 0.22265625
1 0.29296875 0.6533203125 0.05078125 0.19140625
1 0.3798828125 0.6396484375 0.041015625 0.20703125
1 0.369140625 0.697265625 0.056640625 0.16015625
1 0.4794921875 0.59765625 0.041015625 0.1796875
1 0.5751953125 0.578125 0.044921875 0.1953125
1 0.7138671875 0.5830078125 0.05078125 0.1953125
1 0.7802734375 0.5732421875 0.052734375 0.18359375
1 0.84765625 0.521484375 0.05078125 0.171875
1 0.931640625 0.51171875 0.04296875 0.140625
1 0.9619140625 0.439453125 0.037109375 0.11328125
1 0.3125 0.798828125 0.072265625 0.171875