1 0.4462890625 0.7880859375 0.0244140625 0.1015625
1 0.5107421875 0.65625 0.0224609375 0.0830078125
1 0.39453125 0.6875 0.0283203125 0.1162109375
1 0.365234375 0.7587890625 0.0224609375 0.080078125
1 0.416015625 0.6259765625 0.0234375 0.1044921875
1 0.4521484375 0.544921875 0.021484375 0.0966796875
1 0.4697265625 0.494140625 0.01953125 0.0966796875
1 0.482421875 0.421875 0.0205078125 0.103515625
1 0.5029296875 0.3876953125 0.0224609375 0.08203125
1 0.52734375 0.435546875 0.021484375 0.083984375
1 0.8896484375 0.595703125 0.029296875 0.0966796875