1 0.494140625 0.2822265625 0.0283203125 0.083984375
1 0.474609375 0.2109375 0.0166015625 0.078125
1 0.4521484375 0.244140625 0.0205078125 0.0859375
1 0.4326171875 0.27734375 0.0205078125 0.1201171875
1 0.4169921875 0.3447265625 0.0224609375 0.111328125
1 0.3935546875 0.3935546875 0.02734375 0.1044921875
1 0.3525390625 0.4716796875 0.025390625 0.1103515625
1 0.3251953125 0.54296875 0.03125 0.123046875
1 0.3740234375 0.5615234375 0.0302734375 0.1044921875
1 0.3369140625 0.7490234375 0.0390625 0.1015625
1 0.8623046875 0.4453125 0.025390625 0.0888671875