1 0.26953125 0.7109375 0.0322265625 0.1142578125
1 0.318359375 0.6953125 0.025390625 0.1083984375
1 0.3720703125 0.6650390625 0.0283203125 0.111328125
1 0.4169921875 0.62890625 0.029296875 0.1171875
1 0.4677734375 0.6064453125 0.0205078125 0.11328125
1 0.5361328125 0.5703125 0.025390625 0.1064453125
1 0.572265625 0.54296875 0.021484375 0.1064453125
1 0.6083984375 0.509765625 0.021484375 0.09765625
1 0.6474609375 0.474609375 0.01953125 0.095703125
1 0.4345703125 0.7470703125 0.033203125 0.08984375
1 0.6435546875 0.5888671875 0.029296875 0.09765625