1 0.21875 0.7822265625 0.22265625 0.05078125
1 0.2314453125 0.693359375 0.201171875 0.05078125
1 0.267578125 0.6025390625 0.20703125 0.041015625
1 0.2392578125 0.517578125 0.16015625 0.056640625
1 0.33984375 0.5126953125 0.140625 0.041015625
1 0.33984375 0.4248046875 0.20703125 0.046875
1 0.3642578125 0.2939453125 0.1953125 0.05078125
1 0.3896484375 0.2353515625 0.17578125 0.05078125
1 0.439453125 0.173828125 0.189453125 0.05859375
1 0.4599609375 0.095703125 0.154296875 0.033203125
1 0.482421875 0.076171875 0.119140625 0.0390625