1 0.9765625 0.6455078125 0.0361328125 0.107421875
1 0.623046875 0.4052734375 0.0234375 0.099609375
1 0.583984375 0.3203125 0.033203125 0.0927734375
1 0.5595703125 0.3525390625 0.03125 0.0888671875
1 0.5390625 0.404296875 0.0302734375 0.1015625
1 0.521484375 0.45703125 0.0341796875 0.0927734375
1 0.4990234375 0.5009765625 0.03125 0.091796875
1 0.4443359375 0.568359375 0.0400390625 0.1015625
1 0.4052734375 0.619140625 0.0419921875 0.1181640625
1 0.369140625 0.69140625 0.0302734375 0.1171875
1 0.404296875 0.7734375 0.0400390625 0.109375