1 0.12109375 0.7939453125 0.048828125 0.181640625
1 0.2041015625 0.7421875 0.0439453125 0.1669921875
1 0.2880859375 0.6826171875 0.0419921875 0.1875
1 0.3701171875 0.619140625 0.0380859375 0.0986328125
1 0.447265625 0.5712890625 0.0361328125 0.166015625
1 0.560546875 0.51171875 0.02734375 0.1669921875
1 0.6103515625 0.466796875 0.0322265625 0.150390625
1 0.6640625 0.4287109375 0.029296875 0.1435546875
1 0.71875 0.3681640625 0.0361328125 0.130859375
1 0.359375 0.681640625 0.041015625 0.1455078125
1 0.7490234375 0.4072265625 0.044921875 0.1357421875