1 0.705078125 0.3544921875 0.0478515625 0.158203125
1 0.6708984375 0.3125 0.048828125 0.13671875
1 0.630859375 0.3427734375 0.0419921875 0.1181640625
1 0.599609375 0.4228515625 0.041015625 0.119140625
1 0.57421875 0.470703125 0.041015625 0.1328125
1 0.5478515625 0.5380859375 0.0439453125 0.142578125
1 0.4677734375 0.6376953125 0.056640625 0.1474609375
1 0.412109375 0.7275390625 0.0615234375 0.1630859375
1 0.3505859375 0.81640625 0.056640625 0.1533203125
1 0.4189453125 0.966796875 0.048828125 0.06640625
1 0.302734375 0.919921875 0.0458984375 0.103515625