1 0.5751953125 0.501953125 0.0234375 0.08984375
1 0.552734375 0.5078125 0.025390625 0.09765625
1 0.5908203125 0.41015625 0.021484375 0.078125
1 0.54296875 0.4140625 0.03125 0.091796875
1 0.4892578125 0.41796875 0.0234375 0.0859375
1 0.4375 0.4267578125 0.021484375 0.103515625
1 0.373046875 0.43359375 0.03125 0.1015625
1 0.3017578125 0.4609375 0.033203125 0.08984375
1 0.2587890625 0.455078125 0.029296875 0.095703125
1 0.2138671875 0.4638671875 0.0234375 0.08203125
1 0.1943359375 0.466796875 0.03515625 0.08984375
1 0.1484375 0.4765625 0.0234375 0.09375