1 0.2822265625 0.494140625 0.083984375 0.02734375
1 0.2109375 0.474609375 0.078125 0.015625
1 0.244140625 0.4521484375 0.0859375 0.01953125
1 0.27734375 0.4326171875 0.12109375 0.01953125
1 0.3447265625 0.4169921875 0.111328125 0.0234375
1 0.3935546875 0.3935546875 0.10546875 0.02734375
1 0.4716796875 0.3525390625 0.109375 0.025390625
1 0.54296875 0.3251953125 0.123046875 0.03125
1 0.5615234375 0.3740234375 0.10546875 0.03125
1 0.7490234375 0.3369140625 0.1015625 0.0390625
1 0.4453125 0.8623046875 0.08984375 0.025390625