1 0.564453125 0.5634765625 0.01953125 0.06640625
1 0.529296875 0.5703125 0.0234375 0.05859375
1 0.4921875 0.5751953125 0.021484375 0.064453125
1 0.453125 0.5732421875 0.021484375 0.07421875
1 0.4140625 0.5888671875 0.0234375 0.0703125
1 0.36328125 0.609375 0.015625 0.0703125
1 0.330078125 0.6103515625 0.0234375 0.068359375
1 0.2939453125 0.6171875 0.02734375 0.0703125
1 0.2626953125 0.59765625 0.017578125 0.0703125
1 0.533203125 0.658203125 0.0234375 0.064453125
1 0.552734375 0.642578125 0.017578125 0.0546875