1 0.2978515625 0.65625 0.09765625 0.02734375
1 0.30859375 0.6083984375 0.095703125 0.025390625
1 0.3369140625 0.552734375 0.103515625 0.02734375
1 0.3662109375 0.509765625 0.11328125 0.025390625
1 0.271484375 0.490234375 0.09375 0.03125
1 0.390625 0.4560546875 0.123046875 0.0234375
1 0.41015625 0.388671875 0.1015625 0.0234375
1 0.427734375 0.3515625 0.08203125 0.029296875
1 0.37890625 0.298828125 0.0859375 0.01953125
1 0.45703125 0.3115234375 0.09375 0.01953125
1 0.486328125 0.2734375 0.08984375 0.02734375