1 0.1875 0.28515625 0.078125 0.02734375
1 0.2568359375 0.322265625 0.1171875 0.025390625
1 0.3212890625 0.3583984375 0.12109375 0.02734375
1 0.380859375 0.392578125 0.103515625 0.0234375
1 0.453125 0.439453125 0.1015625 0.01953125
1 0.498046875 0.4658203125 0.10546875 0.01953125
1 0.544921875 0.4873046875 0.09375 0.015625
1 0.58984375 0.5068359375 0.09765625 0.01953125
1 0.6162109375 0.5302734375 0.08984375 0.015625
1 0.533203125 0.5341796875 0.0859375 0.02734375
1 0.4228515625 0.5263671875 0.09375 0.03125
1 0.2763671875 0.8642578125 0.103515625 0.029296875