1 0.705078125 0.6455078125 0.046875 0.158203125
1 0.6708984375 0.6875 0.048828125 0.13671875
1 0.630859375 0.6572265625 0.04296875 0.1171875
1 0.599609375 0.5771484375 0.041015625 0.119140625
1 0.57421875 0.529296875 0.041015625 0.1328125
1 0.5478515625 0.4619140625 0.04296875 0.142578125
1 0.4677734375 0.3623046875 0.056640625 0.1484375
1 0.412109375 0.2724609375 0.0625 0.1640625
1 0.3505859375 0.18359375 0.056640625 0.15234375
1 0.4189453125 0.033203125 0.048828125 0.06640625
1 0.302734375 0.080078125 0.046875 0.103515625