1 0.7314453125 0.712890625 0.03125 0.11328125
1 0.6806640625 0.6953125 0.025390625 0.109375
1 0.6279296875 0.6669921875 0.02734375 0.10546875
1 0.5830078125 0.6328125 0.029296875 0.1171875
1 0.5322265625 0.609375 0.01953125 0.107421875
1 0.4658203125 0.57421875 0.025390625 0.10546875
1 0.4267578125 0.544921875 0.0234375 0.11328125
1 0.3896484375 0.5205078125 0.021484375 0.09765625
1 0.353515625 0.474609375 0.01953125 0.08984375
1 0.564453125 0.748046875 0.033203125 0.08984375
1 0.3544921875 0.5888671875 0.025390625 0.0859375