1 0.3779296875 0.4560546875 0.02734375 0.09375
1 0.4248046875 0.4501953125 0.03515625 0.076171875
1 0.4228515625 0.36328125 0.025390625 0.080078125
1 0.4775390625 0.4404296875 0.02734375 0.1015625
1 0.5302734375 0.4384765625 0.03125 0.09765625
1 0.587890625 0.43359375 0.0234375 0.10546875
1 0.662109375 0.4189453125 0.0234375 0.08984375
1 0.705078125 0.4189453125 0.03125 0.10546875
1 0.7958984375 0.322265625 0.03125 0.0859375
1 0.748046875 0.427734375 0.03125 0.095703125
1 0.7998046875 0.421875 0.03125 0.119140625
1 0.8271484375 0.35546875 0.025390625 0.0859375