1 0.630859375 0.6796875 0.14453125 0.04296875
1 0.6796875 0.6435546875 0.13671875 0.048828125
1 0.640625 0.6015625 0.11328125 0.0390625
1 0.5615234375 0.5693359375 0.125 0.04296875
1 0.4970703125 0.544921875 0.126953125 0.0390625
1 0.4443359375 0.51953125 0.142578125 0.04296875
1 0.33984375 0.4404296875 0.1484375 0.056640625
1 0.25 0.38671875 0.15625 0.05859375
1 0.154296875 0.32421875 0.146484375 0.0546875
1 0.033203125 0.39453125 0.06640625 0.046875
1 0.0498046875 0.27734375 0.099609375 0.04296875