1 0.197265625 0.443359375 0.09765625 0.0234375
1 0.3544921875 0.509765625 0.08203125 0.0234375
1 0.3203125 0.3916015625 0.12109375 0.029296875
1 0.2587890625 0.361328125 0.080078125 0.0234375
1 0.3837890625 0.4130859375 0.109375 0.0234375
1 0.4658203125 0.451171875 0.09765625 0.021484375
1 0.515625 0.46875 0.09765625 0.01953125
1 0.587890625 0.48046875 0.103515625 0.01953125
1 0.625 0.5009765625 0.08203125 0.0234375
1 0.5859375 0.5244140625 0.087890625 0.0234375
1 0.4140625 0.888671875 0.09765625 0.029296875