1 0.1669921875 0.1435546875 0.052734375 0.142578125
1 0.2412109375 0.1943359375 0.064453125 0.18359375
1 0.3134765625 0.28125 0.06640625 0.18359375
1 0.3837890625 0.3203125 0.048828125 0.15234375
1 0.4609375 0.388671875 0.044921875 0.15234375
1 0.564453125 0.451171875 0.046875 0.1484375
1 0.603515625 0.494140625 0.0546875 0.15625
1 0.6484375 0.5439453125 0.046875 0.13671875
1 0.7080078125 0.599609375 0.03515625 0.12109375
1 0.341796875 0.09375 0.048828125 0.1484375
1 0.7451171875 0.62890625 0.029296875 0.11328125