1 0.3779296875 0.5439453125 0.0263671875 0.09375
1 0.4248046875 0.5498046875 0.03515625 0.076171875
1 0.4228515625 0.63671875 0.025390625 0.080078125
1 0.4775390625 0.5595703125 0.0283203125 0.1015625
1 0.5302734375 0.5615234375 0.0322265625 0.09765625
1 0.587890625 0.56640625 0.0244140625 0.1044921875
1 0.662109375 0.5810546875 0.0244140625 0.0908203125
1 0.705078125 0.5810546875 0.0302734375 0.1044921875
1 0.7958984375 0.677734375 0.0302734375 0.0849609375
1 0.748046875 0.572265625 0.03125 0.095703125
1 0.7998046875 0.578125 0.0302734375 0.119140625
1 0.8271484375 0.64453125 0.025390625 0.0859375