1 0.4541015625 0.3779296875 0.08984375 0.0234375
1 0.451171875 0.4248046875 0.076171875 0.03515625
1 0.3671875 0.4228515625 0.0859375 0.02734375
1 0.439453125 0.4775390625 0.1015625 0.02734375
1 0.4365234375 0.5302734375 0.09765625 0.03125
1 0.43359375 0.587890625 0.10546875 0.0234375
1 0.4189453125 0.6630859375 0.08984375 0.0234375
1 0.419921875 0.703125 0.10546875 0.03125
1 0.328125 0.7890625 0.0859375 0.03125
1 0.423828125 0.7509765625 0.095703125 0.03125
1 0.4345703125 0.806640625 0.11328125 0.029296875
1 0.3515625 0.828125 0.0859375 0.025390625