1 0.4248046875 0.501953125 0.0224609375 0.0888671875
1 0.447265625 0.5078125 0.025390625 0.0966796875
1 0.4091796875 0.41015625 0.021484375 0.0791015625
1 0.45703125 0.4140625 0.0302734375 0.091796875
1 0.5107421875 0.41796875 0.0224609375 0.0859375
1 0.5625 0.4267578125 0.021484375 0.103515625
1 0.626953125 0.43359375 0.0302734375 0.1025390625
1 0.6982421875 0.4609375 0.033203125 0.0908203125
1 0.7412109375 0.455078125 0.029296875 0.095703125
1 0.7861328125 0.4638671875 0.0234375 0.08203125
1 0.8056640625 0.466796875 0.0341796875 0.08984375
1 0.8515625 0.4765625 0.0234375 0.09375