1 0.7275390625 0.654296875 0.09765625 0.02734375
1 0.7158203125 0.6064453125 0.095703125 0.025390625
1 0.6875 0.5517578125 0.103515625 0.02734375
1 0.66015625 0.5087890625 0.11328125 0.025390625
1 0.74609375 0.4853515625 0.09375 0.03125
1 0.6357421875 0.4560546875 0.1171875 0.021484375
1 0.6162109375 0.390625 0.1015625 0.0234375
1 0.59765625 0.353515625 0.08203125 0.029296875
1 0.6484375 0.3076171875 0.087890625 0.021484375
1 0.5693359375 0.3134765625 0.09375 0.01953125
1 0.5390625 0.2744140625 0.08984375 0.02734375