1 0.443359375 0.71875 0.029296875 0.1171875
1 0.4208984375 0.7041015625 0.0283203125 0.119140625
1 0.40625 0.61328125 0.0263671875 0.0810546875
1 0.455078125 0.630859375 0.03125 0.08984375
1 0.5087890625 0.6318359375 0.02734375 0.1025390625
1 0.5625 0.6416015625 0.0341796875 0.130859375
1 0.625 0.6416015625 0.0322265625 0.1162109375
1 0.7001953125 0.673828125 0.0283203125 0.1142578125
1 0.7431640625 0.671875 0.0283203125 0.111328125
1 0.791015625 0.6650390625 0.025390625 0.1279296875
1 0.810546875 0.6806640625 0.029296875 0.1064453125
1 0.8583984375 0.6796875 0.0244140625 0.1064453125