1 0.1826171875 0.8720703125 0.15625 0.05859375
1 0.224609375 0.7958984375 0.17578125 0.060546875
1 0.3046875 0.71875 0.18359375 0.06640625
1 0.33984375 0.6416015625 0.16796875 0.05078125
1 0.39453125 0.5654296875 0.15234375 0.044921875
1 0.435546875 0.4560546875 0.1484375 0.046875
1 0.4873046875 0.4140625 0.15625 0.0546875
1 0.533203125 0.3662109375 0.14453125 0.05078125
1 0.59375 0.3115234375 0.12890625 0.0390625
1 0.1572265625 0.7119140625 0.1640625 0.0546875
1 0.595703125 0.2724609375 0.125 0.04296875
1 0.4658203125 0.294921875 0.13671875 0.0390625