1 0.78125 0.2177734375 0.22265625 0.05078125
1 0.7685546875 0.306640625 0.201171875 0.05078125
1 0.732421875 0.3974609375 0.20703125 0.041015625
1 0.7607421875 0.482421875 0.16015625 0.056640625
1 0.66015625 0.4873046875 0.140625 0.041015625
1 0.66015625 0.5751953125 0.20703125 0.046875
1 0.6357421875 0.7060546875 0.1953125 0.05078125
1 0.6103515625 0.7646484375 0.17578125 0.05078125
1 0.560546875 0.826171875 0.189453125 0.05859375
1 0.5400390625 0.904296875 0.154296875 0.033203125
1 0.517578125 0.923828125 0.119140625 0.0390625