1 0.4365234375 0.498046875 0.0185546875 0.0673828125
1 0.4619140625 0.5869140625 0.025390625 0.0615234375
1 0.5087890625 0.51171875 0.021484375 0.064453125
1 0.5478515625 0.5078125 0.021484375 0.0732421875
1 0.5869140625 0.521484375 0.0224609375 0.0712890625
1 0.638671875 0.546875 0.017578125 0.07421875
1 0.6708984375 0.544921875 0.021484375 0.064453125
1 0.7060546875 0.552734375 0.0263671875 0.0703125
1 0.7373046875 0.5322265625 0.0185546875 0.07421875
1 0.4521484375 0.580078125 0.0234375 0.064453125
1 0.470703125 0.5029296875 0.0166015625 0.0615234375