1 0.3046875 0.7978515625 0.234375 0.0546875
1 0.2822265625 0.7060546875 0.19140625 0.05078125
1 0.306640625 0.61328125 0.20703125 0.041015625
1 0.236328125 0.6064453125 0.16796875 0.05859375
1 0.3427734375 0.5234375 0.1796875 0.041015625
1 0.3671875 0.431640625 0.20703125 0.046875
1 0.3671875 0.294921875 0.1953125 0.05078125
1 0.3720703125 0.2294921875 0.18359375 0.052734375
1 0.4228515625 0.1611328125 0.171875 0.05078125
1 0.4296875 0.0810546875 0.140625 0.04296875
1 0.4931640625 0.0517578125 0.109375 0.03515625
1 0.14453125 0.701171875 0.171875 0.0703125