1 0.9814453125 0.6474609375 0.03515625 0.107421875
1 0.6259765625 0.40625 0.0234375 0.099609375
1 0.5966796875 0.3291015625 0.033203125 0.09375
1 0.564453125 0.3515625 0.029296875 0.0859375
1 0.5439453125 0.40625 0.03125 0.1015625
1 0.5244140625 0.4619140625 0.03515625 0.09375
1 0.5029296875 0.5029296875 0.03125 0.091796875
1 0.44921875 0.572265625 0.0390625 0.1015625
1 0.408203125 0.6201171875 0.0390625 0.11328125
1 0.375 0.693359375 0.029296875 0.111328125
1 0.4111328125 0.7763671875 0.037109375 0.103515625