1 0.681640625 0.3583984375 0.044921875 0.150390625
1 0.6455078125 0.3125 0.048828125 0.13671875
1 0.6015625 0.3447265625 0.0400390625 0.11328125
1 0.5703125 0.427734375 0.04296875 0.1259765625
1 0.544921875 0.4912109375 0.041015625 0.1328125
1 0.5205078125 0.544921875 0.0439453125 0.142578125
1 0.44140625 0.650390625 0.056640625 0.1474609375
1 0.3857421875 0.7373046875 0.05859375 0.1552734375
1 0.32421875 0.833984375 0.0537109375 0.146484375
1 0.39453125 0.96484375 0.05078125 0.0703125
1 0.27734375 0.9404296875 0.0439453125 0.099609375