1 0.34375 0.7021484375 0.0263671875 0.09765625
1 0.3916015625 0.69140625 0.025390625 0.095703125
1 0.447265625 0.6630859375 0.0283203125 0.103515625
1 0.490234375 0.6337890625 0.025390625 0.1123046875
1 0.509765625 0.728515625 0.0302734375 0.0927734375
1 0.5439453125 0.609375 0.0224609375 0.123046875
1 0.611328125 0.58984375 0.0234375 0.1015625
1 0.6484375 0.572265625 0.029296875 0.0830078125
1 0.701171875 0.62109375 0.0205078125 0.0849609375
1 0.6884765625 0.54296875 0.01953125 0.0927734375
1 0.7265625 0.513671875 0.0283203125 0.0908203125