1 0.310546875 0.69921875 0.0322265625 0.1455078125
1 0.3505859375 0.6240234375 0.0390625 0.140625
1 0.380859375 0.580078125 0.033203125 0.0927734375
1 0.453125 0.453125 0.029296875 0.091796875
1 0.4716796875 0.4052734375 0.03515625 0.0859375
1 0.4931640625 0.3544921875 0.033203125 0.0810546875
1 0.5185546875 0.3212890625 0.0244140625 0.0908203125
1 0.5458984375 0.3974609375 0.02734375 0.08984375
1 0.9111328125 0.607421875 0.0361328125 0.0927734375
1 0.43359375 0.5 0.0341796875 0.1015625
1 0.3525390625 0.8232421875 0.0380859375 0.12109375