1 0.443359375 0.28125 0.029296875 0.1171875
1 0.4208984375 0.2958984375 0.029296875 0.119140625
1 0.40625 0.38671875 0.02734375 0.08203125
1 0.455078125 0.369140625 0.03125 0.08984375
1 0.5087890625 0.3681640625 0.02734375 0.1015625
1 0.5625 0.3583984375 0.03515625 0.130859375
1 0.625 0.3583984375 0.03125 0.1171875
1 0.7001953125 0.326171875 0.02734375 0.11328125
1 0.7431640625 0.328125 0.02734375 0.111328125
1 0.791015625 0.3349609375 0.025390625 0.12890625
1 0.810546875 0.3193359375 0.029296875 0.10546875
1 0.8583984375 0.3203125 0.0234375 0.10546875