1 0.2890625 0.26953125 0.11328125 0.03125
1 0.3046875 0.318359375 0.109375 0.025390625
1 0.3349609375 0.3720703125 0.111328125 0.02734375
1 0.37109375 0.4169921875 0.1171875 0.029296875
1 0.3935546875 0.4677734375 0.11328125 0.01953125
1 0.4296875 0.5361328125 0.10546875 0.025390625
1 0.45703125 0.572265625 0.10546875 0.021484375
1 0.490234375 0.6083984375 0.09765625 0.021484375
1 0.525390625 0.6474609375 0.095703125 0.01953125
1 0.2529296875 0.4345703125 0.08984375 0.033203125
1 0.4111328125 0.6435546875 0.09765625 0.029296875