1 0.302734375 0.56640625 0.0546875 0.021484375
1 0.3134765625 0.541015625 0.0703125 0.02734375
1 0.21875 0.5751953125 0.0625 0.0234375
1 0.2314453125 0.541015625 0.0703125 0.029296875
1 0.2333984375 0.5009765625 0.0703125 0.021484375
1 0.23828125 0.46484375 0.068359375 0.01953125
1 0.2421875 0.4189453125 0.06640625 0.017578125
1 0.265625 0.3701171875 0.0625 0.021484375
1 0.2724609375 0.3369140625 0.0703125 0.0234375
1 0.2705078125 0.3017578125 0.06640625 0.0234375
1 0.2568359375 0.2685546875 0.06640625 0.01953125