1 0.462890625 0.3583984375 0.1328125 0.037109375
1 0.466796875 0.431640625 0.107421875 0.02734375
1 0.4580078125 0.5224609375 0.13671875 0.0390625
1 0.455078125 0.61328125 0.126953125 0.029296875
1 0.455078125 0.666015625 0.130859375 0.0390625
1 0.44921875 0.716796875 0.134765625 0.03515625
1 0.4306640625 0.7373046875 0.1171875 0.02734375
1 0.435546875 0.798828125 0.14453125 0.03125
1 0.453125 0.841796875 0.123046875 0.025390625
1 0.4609375 0.8857421875 0.1171875 0.01953125
1 0.4404296875 0.20703125 0.080078125 0.02734375
1 0.453125 0.279296875 0.11328125 0.03515625
1 0.5146484375 0.2744140625 0.15234375 0.046875
1 0.55859375 0.23046875 0.15625 0.044921875