1 0.689453125 0.7177734375 0.02734375 0.12109375
1 0.66015625 0.73046875 0.03125 0.119140625
1 0.6337890625 0.720703125 0.021484375 0.119140625
1 0.6083984375 0.72265625 0.025390625 0.11328125
1 0.580078125 0.724609375 0.021484375 0.11328125
1 0.560546875 0.712890625 0.01953125 0.119140625
1 0.5341796875 0.7041015625 0.025390625 0.11328125
1 0.609375 0.451171875 0.013671875 0.0546875
1 0.1220703125 0.5849609375 0.017578125 0.078125
1 0.2470703125 0.44140625 0.01171875 0.048828125
1 0.9423828125 0.451171875 0.0234375 0.02734375
1 0.8671875 0.4482421875 0.0234375 0.0234375
1 0.7724609375 0.4521484375 0.021484375 0.0234375