1 0.326171875 0.6689453125 0.11328125 0.02734375
1 0.31640625 0.64453125 0.10546875 0.025390625
1 0.3232421875 0.62109375 0.109375 0.021484375
1 0.318359375 0.595703125 0.10546875 0.0234375
1 0.3193359375 0.5703125 0.10546875 0.021484375
1 0.3271484375 0.5537109375 0.107421875 0.021484375
1 0.3330078125 0.52734375 0.109375 0.025390625
1 0.4365234375 0.142578125 0.0703125 0.017578125
1 0.5654296875 0.58984375 0.052734375 0.015625
1 0.5625 0.5810546875 0.05078125 0.01171875
1 0.5703125 0.251953125 0.04296875 0.01171875