1 0.3232421875 0.669921875 0.115234375 0.029296875
1 0.3095703125 0.64453125 0.111328125 0.029296875
1 0.3193359375 0.6220703125 0.109375 0.0234375
1 0.31640625 0.59765625 0.10546875 0.025390625
1 0.31640625 0.5712890625 0.109375 0.021484375
1 0.32421875 0.5537109375 0.10546875 0.021484375
1 0.3310546875 0.5283203125 0.10546875 0.025390625
1 0.43359375 0.1396484375 0.07421875 0.015625
1 0.55859375 0.583984375 0.05078125 0.015625
1 0.56640625 0.591796875 0.05078125 0.01171875
1 0.5634765625 0.2529296875 0.048828125 0.01171875
1 0.5615234375 0.23828125 0.0234375 0.017578125
1 0.5673828125 0.341796875 0.03125 0.015625
1 0.5625 0.1796875 0.03125 0.015625
1 0.576171875 0.408203125 0.029296875 0.015625
1 0.5673828125 0.490234375 0.0234375 0.01953125
1 0.5712890625 0.546875 0.02734375 0.015625
1 0.5673828125 0.6552734375 0.029296875 0.015625
1 0.564453125 0.8515625 0.0234375 0.021484375
1 0.5615234375 0.76171875 0.0234375 0.015625
1 0.560546875 0.92578125 0.0234375 0.0234375