1 0.927734375 0.439453125 0.0234375 0.02734375
1 0.853515625 0.4375 0.021484375 0.02734375
1 0.7626953125 0.4404296875 0.017578125 0.0234375
1 0.6552734375 0.43359375 0.015625 0.02734375
1 0.5869140625 0.443359375 0.015625 0.0546875
1 0.595703125 0.431640625 0.01171875 0.046875
1 0.548828125 0.431640625 0.017578125 0.0234375
1 0.4912109375 0.4365234375 0.015625 0.0234375
1 0.4091796875 0.4287109375 0.013671875 0.029296875
1 0.3408203125 0.435546875 0.015625 0.029296875
1 0.251953125 0.43359375 0.015625 0.046875
1 0.1796875 0.439453125 0.01953125 0.029296875
1 0.13671875 0.5673828125 0.021484375 0.078125
1 0.673828125 0.6787109375 0.02734375 0.1171875
1 0.6455078125 0.693359375 0.0234375 0.109375
1 0.623046875 0.68359375 0.021484375 0.107421875
1 0.59765625 0.685546875 0.0234375 0.109375
1 0.572265625 0.6904296875 0.021484375 0.10546875
1 0.5537109375 0.6767578125 0.017578125 0.109375
1 0.5283203125 0.6728515625 0.0234375 0.107421875