1 0.24609375 0.1455078125 0.0390625 0.15625
1 0.28515625 0.125 0.0390625 0.15625
1 0.3193359375 0.14453125 0.02734375 0.15234375
1 0.3505859375 0.1376953125 0.033203125 0.150390625
1 0.38671875 0.1357421875 0.029296875 0.15234375
1 0.4091796875 0.158203125 0.025390625 0.1484375
1 0.4482421875 0.166015625 0.03125 0.15234375
1 0.34765625 0.5224609375 0.01171875 0.06640625
1 0.365234375 0.5322265625 0.013671875 0.0625
1 0.77734375 0.541015625 0.015625 0.046875
1 0.94140625 0.3603515625 0.021484375 0.08984375