1 0.3310546875 0.673828125 0.02734375 0.1123046875
1 0.35546875 0.68359375 0.025390625 0.1044921875
1 0.37890625 0.6767578125 0.021484375 0.1083984375
1 0.404296875 0.681640625 0.0234375 0.1044921875
1 0.4296875 0.6806640625 0.021484375 0.10546875
1 0.4462890625 0.6728515625 0.021484375 0.107421875
1 0.47265625 0.6669921875 0.025390625 0.1083984375
1 0.857421875 0.5634765625 0.017578125 0.0712890625
1 0.41015625 0.4345703125 0.0146484375 0.052734375
1 0.4189453125 0.4375 0.01171875 0.0498046875
1 0.748046875 0.4296875 0.0126953125 0.04296875