1 0.330078125 0.6767578125 0.029296875 0.115234375
1 0.35546875 0.6904296875 0.029296875 0.111328125
1 0.3779296875 0.6806640625 0.0224609375 0.1083984375
1 0.40234375 0.68359375 0.025390625 0.1044921875
1 0.4287109375 0.68359375 0.021484375 0.1083984375
1 0.4462890625 0.67578125 0.021484375 0.1044921875
1 0.4716796875 0.6689453125 0.025390625 0.1044921875
1 0.8603515625 0.56640625 0.0166015625 0.0732421875
1 0.416015625 0.44140625 0.0146484375 0.0517578125
1 0.408203125 0.43359375 0.0126953125 0.0498046875
1 0.7470703125 0.4365234375 0.01171875 0.048828125
1 0.76171875 0.4384765625 0.017578125 0.0234375
1 0.658203125 0.4326171875 0.0146484375 0.0322265625
1 0.8203125 0.4375 0.0166015625 0.0302734375
1 0.591796875 0.423828125 0.015625 0.029296875
1 0.509765625 0.4326171875 0.0185546875 0.0234375
1 0.453125 0.4287109375 0.015625 0.02734375
1 0.3447265625 0.4326171875 0.0166015625 0.029296875
1 0.1484375 0.435546875 0.021484375 0.0234375
1 0.23828125 0.4384765625 0.0146484375 0.0234375
1 0.07421875 0.439453125 0.0234375 0.0234375