1 0.310546875 0.7177734375 0.029296875 0.12109375
1 0.33984375 0.73046875 0.03125 0.119140625
1 0.3662109375 0.720703125 0.021484375 0.119140625
1 0.3916015625 0.72265625 0.025390625 0.11328125
1 0.419921875 0.724609375 0.021484375 0.11328125
1 0.439453125 0.712890625 0.021484375 0.119140625
1 0.4658203125 0.7041015625 0.025390625 0.11328125
1 0.390625 0.451171875 0.013671875 0.0546875
1 0.8779296875 0.5849609375 0.015625 0.078125
1 0.7529296875 0.44140625 0.01171875 0.048828125
1 0.0576171875 0.451171875 0.025390625 0.02734375
1 0.1328125 0.4482421875 0.025390625 0.0234375
1 0.2275390625 0.4521484375 0.021484375 0.0234375