1 0.7822265625 0.0859375 0.044921875 0.171875
1 0.7373046875 0.0732421875 0.048828125 0.14453125
1 0.703125 0.0849609375 0.029296875 0.169921875
1 0.669921875 0.0830078125 0.041015625 0.16015625
1 0.6298828125 0.0791015625 0.037109375 0.158203125
1 0.6015625 0.09765625 0.029296875 0.162109375
1 0.55859375 0.1064453125 0.033203125 0.1640625
1 0.03125 0.3349609375 0.021484375 0.09765625
1 0.6630859375 0.513671875 0.015625 0.0625
1 0.642578125 0.51953125 0.013671875 0.0625
1 0.2119140625 0.5322265625 0.015625 0.052734375