1 0.927734375 0.560546875 0.0234375 0.02734375
1 0.853515625 0.5625 0.021484375 0.02734375
1 0.7626953125 0.5595703125 0.017578125 0.0234375
1 0.6552734375 0.56640625 0.015625 0.02734375
1 0.5869140625 0.556640625 0.015625 0.0546875
1 0.595703125 0.568359375 0.01171875 0.046875
1 0.548828125 0.568359375 0.017578125 0.0234375
1 0.4912109375 0.5634765625 0.015625 0.0234375
1 0.4091796875 0.5712890625 0.013671875 0.029296875
1 0.3408203125 0.564453125 0.015625 0.029296875
1 0.251953125 0.56640625 0.015625 0.046875
1 0.1796875 0.560546875 0.01953125 0.029296875
1 0.13671875 0.4326171875 0.021484375 0.078125
1 0.673828125 0.3212890625 0.02734375 0.1171875
1 0.6455078125 0.306640625 0.0234375 0.109375
1 0.623046875 0.31640625 0.021484375 0.107421875
1 0.59765625 0.314453125 0.0234375 0.109375
1 0.572265625 0.3095703125 0.021484375 0.10546875
1 0.5537109375 0.3232421875 0.017578125 0.109375
1 0.5283203125 0.3271484375 0.0234375 0.107421875