1 0.3076171875 0.322265625 0.12109375 0.03125
1 0.296875 0.349609375 0.115234375 0.029296875
1 0.302734375 0.373046875 0.1171875 0.025390625
1 0.3017578125 0.3984375 0.111328125 0.025390625
1 0.3037109375 0.42578125 0.115234375 0.021484375
1 0.310546875 0.443359375 0.1171875 0.021484375
1 0.31640625 0.4677734375 0.111328125 0.0234375
1 0.5556640625 0.068359375 0.03125 0.0234375
1 0.55859375 0.1416015625 0.025390625 0.0234375
1 0.5556640625 0.2333984375 0.01953125 0.017578125
1 0.556640625 0.40234375 0.05859375 0.015625
1 0.5654296875 0.75 0.046875 0.01171875
1 0.5615234375 0.7646484375 0.03125 0.015625
1 0.4296875 0.8671875 0.078125 0.01953125