1 0.04296875 0.4580078125 0.0244140625 0.02734375
1 0.1220703125 0.458984375 0.0224609375 0.0263671875
1 0.21875 0.458984375 0.01953125 0.0263671875
1 0.376953125 0.45703125 0.0146484375 0.0556640625
1 0.3857421875 0.4541015625 0.013671875 0.052734375
1 0.2958984375 0.7451171875 0.0302734375 0.1259765625
1 0.326171875 0.76171875 0.0283203125 0.12890625
1 0.353515625 0.7490234375 0.02734375 0.1240234375
1 0.3828125 0.7509765625 0.029296875 0.12109375
1 0.412109375 0.75390625 0.0234375 0.119140625
1 0.431640625 0.7392578125 0.0234375 0.1240234375
1 0.462890625 0.732421875 0.0283203125 0.1220703125
1 0.8916015625 0.59765625 0.01953125 0.0830078125
1 0.7578125 0.4462890625 0.0126953125 0.048828125