1 0.24609375 0.8544921875 0.0380859375 0.1552734375
1 0.28515625 0.875 0.0400390625 0.1552734375
1 0.3193359375 0.85546875 0.0283203125 0.15234375
1 0.3505859375 0.8623046875 0.033203125 0.150390625
1 0.38671875 0.8642578125 0.029296875 0.1513671875
1 0.4091796875 0.841796875 0.025390625 0.1474609375
1 0.4482421875 0.833984375 0.0322265625 0.1513671875
1 0.34765625 0.4775390625 0.0126953125 0.06640625
1 0.365234375 0.4677734375 0.013671875 0.0615234375
1 0.77734375 0.458984375 0.0146484375 0.0458984375
1 0.94140625 0.6396484375 0.021484375 0.08984375