1 0.072265625 0.439453125 0.0244140625 0.0263671875
1 0.146484375 0.4375 0.021484375 0.02734375
1 0.2373046875 0.4404296875 0.017578125 0.0224609375
1 0.3447265625 0.43359375 0.0146484375 0.02734375
1 0.4130859375 0.443359375 0.0146484375 0.0537109375
1 0.404296875 0.431640625 0.0107421875 0.0458984375
1 0.451171875 0.431640625 0.017578125 0.0234375
1 0.5087890625 0.4365234375 0.015625 0.0234375
1 0.5908203125 0.4287109375 0.013671875 0.029296875
1 0.6591796875 0.435546875 0.0166015625 0.029296875
1 0.748046875 0.43359375 0.015625 0.0458984375
1 0.8203125 0.439453125 0.01953125 0.029296875
1 0.86328125 0.5673828125 0.021484375 0.0791015625
1 0.326171875 0.6787109375 0.0283203125 0.1162109375
1 0.3544921875 0.693359375 0.0244140625 0.109375
1 0.376953125 0.68359375 0.021484375 0.107421875
1 0.40234375 0.685546875 0.0244140625 0.109375
1 0.427734375 0.6904296875 0.021484375 0.10546875
1 0.4462890625 0.6767578125 0.017578125 0.109375
1 0.4716796875 0.6728515625 0.0244140625 0.107421875