1 0.673828125 0.3310546875 0.11328125 0.02734375
1 0.68359375 0.35546875 0.10546875 0.025390625
1 0.6767578125 0.37890625 0.109375 0.021484375
1 0.681640625 0.404296875 0.10546875 0.0234375
1 0.6806640625 0.4296875 0.10546875 0.021484375
1 0.6728515625 0.4462890625 0.107421875 0.021484375
1 0.6669921875 0.47265625 0.109375 0.025390625
1 0.5634765625 0.857421875 0.0703125 0.017578125
1 0.4345703125 0.41015625 0.052734375 0.015625
1 0.4375 0.4189453125 0.05078125 0.01171875
1 0.4296875 0.748046875 0.04296875 0.01171875