1 0.0859375 0.2177734375 0.171875 0.044921875
1 0.0732421875 0.2626953125 0.14453125 0.048828125
1 0.0849609375 0.296875 0.169921875 0.029296875
1 0.0830078125 0.330078125 0.16015625 0.041015625
1 0.0791015625 0.3701171875 0.158203125 0.037109375
1 0.09765625 0.3984375 0.162109375 0.029296875
1 0.1064453125 0.44140625 0.1640625 0.033203125
1 0.3349609375 0.96875 0.09765625 0.021484375
1 0.513671875 0.3369140625 0.0625 0.015625
1 0.51953125 0.357421875 0.0625 0.013671875
1 0.5322265625 0.7880859375 0.052734375 0.015625