1 0.314453125 0.7080078125 0.029296875 0.125
1 0.3447265625 0.7177734375 0.029296875 0.12109375
1 0.3671875 0.70703125 0.017578125 0.119140625
1 0.392578125 0.7119140625 0.0234375 0.109375
1 0.4208984375 0.71484375 0.0234375 0.111328125
1 0.44140625 0.69921875 0.021484375 0.1123046875
1 0.466796875 0.6943359375 0.0263671875 0.111328125
1 0.873046875 0.576171875 0.017578125 0.078125
1 0.396484375 0.44921875 0.0146484375 0.056640625
1 0.0615234375 0.447265625 0.0244140625 0.033203125
1 0.13671875 0.4462890625 0.025390625 0.0234375
1 0.23046875 0.4482421875 0.0185546875 0.0263671875
1 0.5908203125 0.44140625 0.0234375 0.025390625
1 0.751953125 0.4384765625 0.013671875 0.044921875
1 0.7666015625 0.4375 0.015625 0.025390625