1 0.2177734375 0.9140625 0.044921875 0.171875
1 0.2626953125 0.9267578125 0.048828125 0.1455078125
1 0.296875 0.9150390625 0.029296875 0.169921875
1 0.330078125 0.9169921875 0.041015625 0.1611328125
1 0.3701171875 0.9208984375 0.037109375 0.158203125
1 0.3984375 0.90234375 0.029296875 0.162109375
1 0.44140625 0.8935546875 0.033203125 0.1650390625
1 0.96875 0.6650390625 0.021484375 0.0986328125
1 0.3369140625 0.486328125 0.0166015625 0.0625
1 0.357421875 0.48046875 0.013671875 0.0634765625
1 0.7880859375 0.4677734375 0.0146484375 0.052734375