1 0.2919921875 0.314453125 0.125 0.029296875
1 0.2822265625 0.3447265625 0.12109375 0.029296875
1 0.29296875 0.3671875 0.119140625 0.017578125
1 0.2880859375 0.392578125 0.109375 0.0234375
1 0.28515625 0.4208984375 0.111328125 0.0234375
1 0.30078125 0.44140625 0.11328125 0.021484375
1 0.3056640625 0.466796875 0.111328125 0.02734375
1 0.423828125 0.873046875 0.078125 0.017578125
1 0.55078125 0.396484375 0.056640625 0.015625
1 0.552734375 0.0615234375 0.033203125 0.0234375
1 0.5537109375 0.13671875 0.0234375 0.025390625
1 0.5517578125 0.23046875 0.02734375 0.01953125
1 0.55859375 0.5908203125 0.025390625 0.0234375
1 0.5615234375 0.751953125 0.044921875 0.013671875
1 0.5625 0.7666015625 0.025390625 0.015625