1 0.3076171875 0.677734375 0.12109375 0.03125
1 0.296875 0.650390625 0.115234375 0.029296875
1 0.302734375 0.626953125 0.1171875 0.025390625
1 0.3017578125 0.6015625 0.111328125 0.025390625
1 0.3037109375 0.57421875 0.115234375 0.021484375
1 0.310546875 0.556640625 0.1171875 0.021484375
1 0.31640625 0.5322265625 0.111328125 0.0234375
1 0.5556640625 0.931640625 0.03125 0.0234375
1 0.55859375 0.8583984375 0.025390625 0.0234375
1 0.5556640625 0.7666015625 0.01953125 0.017578125
1 0.556640625 0.59765625 0.05859375 0.015625
1 0.5654296875 0.25 0.046875 0.01171875
1 0.5615234375 0.2353515625 0.03125 0.015625
1 0.4296875 0.1328125 0.078125 0.01953125