1 0.95703125 0.5419921875 0.0234375 0.02734375
1 0.8779296875 0.541015625 0.0234375 0.02734375
1 0.78125 0.541015625 0.01953125 0.02734375
1 0.623046875 0.54296875 0.015625 0.0546875
1 0.6142578125 0.5458984375 0.013671875 0.052734375
1 0.7041015625 0.2548828125 0.03125 0.125
1 0.673828125 0.23828125 0.02734375 0.12890625
1 0.646484375 0.2509765625 0.02734375 0.125
1 0.6171875 0.2490234375 0.029296875 0.12109375
1 0.587890625 0.24609375 0.0234375 0.119140625
1 0.568359375 0.2607421875 0.0234375 0.125
1 0.537109375 0.267578125 0.02734375 0.12109375
1 0.1083984375 0.40234375 0.01953125 0.08203125
1 0.2421875 0.5537109375 0.01171875 0.048828125