1 0.322265625 0.6923828125 0.0302734375 0.12109375
1 0.349609375 0.703125 0.029296875 0.115234375
1 0.373046875 0.697265625 0.025390625 0.1162109375
1 0.3984375 0.6982421875 0.025390625 0.111328125
1 0.42578125 0.6962890625 0.021484375 0.115234375
1 0.443359375 0.689453125 0.021484375 0.1181640625
1 0.4677734375 0.68359375 0.0244140625 0.111328125
1 0.068359375 0.4443359375 0.0234375 0.0302734375
1 0.1416015625 0.44140625 0.0234375 0.025390625
1 0.2333984375 0.4443359375 0.017578125 0.01953125
1 0.40234375 0.443359375 0.0166015625 0.05859375
1 0.75 0.4345703125 0.0126953125 0.046875
1 0.7646484375 0.4384765625 0.0166015625 0.0302734375
1 0.8671875 0.5703125 0.01953125 0.0791015625