1 0.6455078125 0.599609375 0.08203125 0.029296875
1 0.5927734375 0.576171875 0.06640625 0.03125
1 0.6630859375 0.5439453125 0.076171875 0.03125
1 0.4794921875 0.568359375 0.0859375 0.0234375
1 0.5009765625 0.5595703125 0.078125 0.02734375
1 0.5244140625 0.5419921875 0.078125 0.0234375
1 0.486328125 0.4873046875 0.080078125 0.02734375
1 0.05078125 0.5244140625 0.0546875 0.015625
1 0.234375 0.59375 0.05859375 0.0234375
1 0.2548828125 0.55859375 0.0625 0.01953125
1 0.1923828125 0.5625 0.05859375 0.021484375
1 0.1328125 0.5576171875 0.05859375 0.015625