1 0.576171875 0.5654296875 0.0390625 0.0234375
1 0.6005859375 0.583984375 0.046875 0.01953125
1 0.61328125 0.560546875 0.0390625 0.01953125
1 0.6123046875 0.541015625 0.0390625 0.01953125
1 0.5810546875 0.5947265625 0.03125 0.015625
1 0.3046875 0.6220703125 0.05078125 0.01953125
1 0.3056640625 0.6318359375 0.04296875 0.01953125
1 0.3447265625 0.6396484375 0.06640625 0.017578125
1 0.48828125 0.5361328125 0.0390625 0.013671875
1 0.484375 0.5224609375 0.04296875 0.01953125
1 0.2119140625 0.5771484375 0.03515625 0.017578125
1 0.2177734375 0.5947265625 0.03125 0.017578125
1 0.234375 0.58203125 0.04296875 0.01953125
1 0.2353515625 0.568359375 0.0390625 0.013671875
1 0.115234375 0.595703125 0.0546875 0.01171875
1 0.130859375 0.58203125 0.0390625 0.015625
1 0.1396484375 0.564453125 0.029296875 0.01953125
1 0.0751953125 0.546875 0.0390625 0.013671875