1 0.5654296875 0.423828125 0.0234375 0.0390625
1 0.583984375 0.3994140625 0.01953125 0.046875
1 0.560546875 0.38671875 0.01953125 0.0390625
1 0.541015625 0.3876953125 0.01953125 0.0390625
1 0.5947265625 0.4189453125 0.015625 0.03125
1 0.6220703125 0.6953125 0.01953125 0.05078125
1 0.6318359375 0.6943359375 0.01953125 0.04296875
1 0.6396484375 0.6552734375 0.017578125 0.06640625
1 0.5361328125 0.51171875 0.013671875 0.0390625
1 0.5224609375 0.515625 0.01953125 0.04296875
1 0.5771484375 0.7880859375 0.017578125 0.03515625
1 0.5947265625 0.7822265625 0.017578125 0.03125
1 0.58203125 0.765625 0.01953125 0.04296875
1 0.568359375 0.7646484375 0.013671875 0.0390625
1 0.595703125 0.884765625 0.01171875 0.0546875
1 0.58203125 0.869140625 0.015625 0.0390625
1 0.564453125 0.8603515625 0.01953125 0.029296875
1 0.546875 0.9248046875 0.013671875 0.0390625