1 0.4345703125 0.576171875 0.0234375 0.0390625
1 0.416015625 0.6005859375 0.0205078125 0.046875
1 0.439453125 0.61328125 0.01953125 0.0390625
1 0.458984375 0.6123046875 0.01953125 0.0390625
1 0.4052734375 0.5810546875 0.0166015625 0.0322265625
1 0.3779296875 0.3046875 0.0205078125 0.0498046875
1 0.3681640625 0.3056640625 0.01953125 0.0439453125
1 0.3603515625 0.3447265625 0.017578125 0.0654296875
1 0.4638671875 0.48828125 0.013671875 0.0380859375
1 0.4775390625 0.484375 0.01953125 0.0439453125
1 0.4228515625 0.2119140625 0.017578125 0.0361328125
1 0.4052734375 0.2177734375 0.017578125 0.0322265625
1 0.41796875 0.234375 0.0185546875 0.0439453125
1 0.431640625 0.2353515625 0.013671875 0.0400390625
1 0.404296875 0.115234375 0.01171875 0.0546875
1 0.41796875 0.130859375 0.0166015625 0.0400390625
1 0.435546875 0.1396484375 0.01953125 0.029296875
1 0.453125 0.0751953125 0.013671875 0.0390625