1 0.3544921875 0.400390625 0.08203125 0.029296875
1 0.4072265625 0.423828125 0.06640625 0.03125
1 0.3369140625 0.4560546875 0.076171875 0.03125
1 0.5205078125 0.431640625 0.0859375 0.0234375
1 0.4990234375 0.4404296875 0.078125 0.02734375
1 0.4755859375 0.4580078125 0.078125 0.0234375
1 0.513671875 0.5126953125 0.080078125 0.02734375
1 0.94921875 0.4755859375 0.0546875 0.015625
1 0.765625 0.40625 0.05859375 0.0234375
1 0.7451171875 0.44140625 0.0625 0.01953125
1 0.8076171875 0.4375 0.05859375 0.021484375
1 0.8671875 0.4423828125 0.05859375 0.015625