1 0.400390625 0.6455078125 0.029296875 0.0810546875
1 0.423828125 0.5927734375 0.0302734375 0.0654296875
1 0.4560546875 0.6630859375 0.0302734375 0.076171875
1 0.431640625 0.4794921875 0.0244140625 0.0859375
1 0.4404296875 0.5009765625 0.02734375 0.0791015625
1 0.4580078125 0.5244140625 0.0224609375 0.078125
1 0.5126953125 0.486328125 0.0283203125 0.080078125
1 0.4755859375 0.05078125 0.0146484375 0.0537109375
1 0.40625 0.234375 0.0224609375 0.0595703125
1 0.44140625 0.2548828125 0.0185546875 0.0625
1 0.4375 0.1923828125 0.021484375 0.05859375
1 0.4423828125 0.1328125 0.0166015625 0.0576171875