1 0.248046875 0.7080078125 0.0234375 0.08984375
1 0.279296875 0.7392578125 0.03125 0.05859375
1 0.1162109375 0.359375 0.0234375 0.060546875
1 0.7470703125 0.2412109375 0.0234375 0.0546875
1 0.4267578125 0.3564453125 0.01953125 0.0390625
1 0.5048828125 0.322265625 0.01953125 0.0390625
1 0.48046875 0.265625 0.01171875 0.05859375
1 0.4892578125 0.2578125 0.01171875 0.025390625
1 0.4912109375 0.2802734375 0.01953125 0.0390625
1 0.3974609375 0.296875 0.015625 0.03125
1 0.4052734375 0.298828125 0.01171875 0.01953125
1 0.40625 0.3212890625 0.015625 0.029296875
1 0.0146484375 0.595703125 0.029296875 0.08984375