1 0.3203125 0.671875 0.068359375 0.03515625
1 0.25390625 0.388671875 0.13671875 0.08203125
1 0.5498046875 0.3896484375 0.0546875 0.03515625
1 0.873046875 0.341796875 0.0625 0.04296875
1 0.8681640625 0.5166015625 0.041015625 0.0234375
1 0.724609375 0.544921875 0.0625 0.03515625
1 0.669921875 0.3134765625 0.06640625 0.03125
1 0.466796875 0.3408203125 0.056640625 0.0234375
1 0.5302734375 0.337890625 0.05078125 0.021484375
1 0.578125 0.3408203125 0.06640625 0.0234375
1 0.453125 0.56640625 0.0703125 0.0234375
1 0.0927734375 0.9833984375 0.078125 0.03125