1 0.4287109375 0.7509765625 0.0302734375 0.0791015625
1 0.5 0.140625 0.0322265625 0.068359375
1 0.59765625 0.1845703125 0.0263671875 0.0703125
1 0.6279296875 0.41015625 0.021484375 0.0732421875
1 0.611328125 0.3984375 0.0263671875 0.0712890625
1 0.9072265625 0.1162109375 0.037109375 0.0888671875
1 0.849609375 0.408203125 0.029296875 0.076171875
1 0.8125 0.4375 0.01953125 0.0625
1 0.6376953125 0.3466796875 0.03515625 0.0634765625
1 0.66796875 0.29296875 0.0224609375 0.064453125
1 0.6591796875 0.25390625 0.0283203125 0.0693359375
1 0.6796875 0.197265625 0.0263671875 0.0693359375