1 0.3017578125 0.2470703125 0.0859375 0.021484375
1 0.265625 0.28125 0.05859375 0.03125
1 0.642578125 0.119140625 0.060546875 0.0234375
1 0.7607421875 0.75 0.0546875 0.021484375
1 0.7255859375 0.392578125 0.03515625 0.01171875
1 0.7255859375 0.4013671875 0.02734375 0.013671875
1 0.7109375 0.4013671875 0.0390625 0.015625
1 0.673828125 0.423828125 0.0390625 0.01953125
1 0.7099609375 0.498046875 0.0390625 0.01953125
1 0.759765625 0.478515625 0.033203125 0.013671875
1 0.75 0.486328125 0.03515625 0.013671875