1 0.171875 0.298828125 0.083984375 0.044921875
1 0.30078125 0.4990234375 0.0859375 0.0234375
1 0.6640625 0.6455078125 0.09765625 0.05078125
1 0.8515625 0.46484375 0.09765625 0.0234375
1 0.814453125 0.4921875 0.0703125 0.01953125
1 0.7763671875 0.5146484375 0.0703125 0.02734375
1 0.6455078125 0.6005859375 0.07421875 0.03515625
1 0.591796875 0.6201171875 0.04296875 0.02734375
1 0.578125 0.6376953125 0.05078125 0.03515625
1 0.5546875 0.6474609375 0.046875 0.03515625
1 0.5478515625 0.6630859375 0.06640625 0.029296875