1 0.529296875 0.1982421875 0.05859375 0.1513671875
1 0.5595703125 0.234375 0.0341796875 0.0830078125
1 0.287109375 0.3759765625 0.0419921875 0.0576171875
1 0.4599609375 0.5224609375 0.037109375 0.083984375
1 0.5439453125 0.5244140625 0.0341796875 0.0537109375
1 0.755859375 0.185546875 0.0498046875 0.0791015625
1 0.6123046875 0.744140625 0.0791015625 0.1640625
1 0.5263671875 0.9130859375 0.03515625 0.08984375
1 0.2138671875 0.4267578125 0.0546875 0.064453125
1 0.3212890625 0.451171875 0.044921875 0.0791015625
1 0.337890625 0.0361328125 0.0556640625 0.0615234375