1 0.7529296875 0.3017578125 0.021484375 0.0859375
1 0.71875 0.265625 0.03125 0.05859375
1 0.880859375 0.642578125 0.0234375 0.060546875
1 0.25 0.7607421875 0.0234375 0.0546875
1 0.607421875 0.7255859375 0.01171875 0.03515625
1 0.5986328125 0.7255859375 0.013671875 0.02734375
1 0.5986328125 0.7109375 0.015625 0.0390625
1 0.576171875 0.673828125 0.01953125 0.0390625
1 0.501953125 0.7099609375 0.01953125 0.0390625
1 0.521484375 0.759765625 0.013671875 0.033203125
1 0.513671875 0.75 0.013671875 0.03515625