1 0.751953125 0.708984375 0.0224609375 0.08984375
1 0.720703125 0.7392578125 0.0302734375 0.05859375
1 0.8837890625 0.36328125 0.0224609375 0.060546875
1 0.2529296875 0.240234375 0.0224609375 0.0537109375
1 0.5654296875 0.3837890625 0.0185546875 0.0390625
1 0.4833984375 0.3515625 0.0205078125 0.0419921875
1 0.96875 0.57421875 0.029296875 0.08984375
1 0.5947265625 0.333984375 0.01953125 0.0419921875
1 0.59375 0.3349609375 0.0166015625 0.0302734375
1 0.5908203125 0.3486328125 0.01953125 0.0322265625
1 0.509765625 0.294921875 0.0166015625 0.046875
1 0.5068359375 0.2861328125 0.0146484375 0.02734375
1 0.4990234375 0.29296875 0.0166015625 0.025390625
1 0.4970703125 0.3125 0.0146484375 0.029296875