1 0.078125 0.6005859375 0.0625 0.056640625
1 0.4833984375 0.7109375 0.02734375 0.0546875
1 0.634765625 0.5595703125 0.025390625 0.0703125
1 0.3095703125 0.318359375 0.03125 0.080078125
1 0.337890625 0.302734375 0.03515625 0.0625
1 0.3720703125 0.21875 0.03125 0.06640625
1 0.4248046875 0.1171875 0.041015625 0.078125
1 0.3486328125 0.0546875 0.0234375 0.02734375
1 0.310546875 0.4150390625 0.046875 0.05078125
1 0.4208984375 0.1865234375 0.0390625 0.05859375
1 0.3759765625 0.046875 0.02734375 0.037109375