1 0.15625 0.765625 0.05859375 0.02734375
1 0.09375 0.7744140625 0.046875 0.01953125
1 0.0966796875 0.1318359375 0.0703125 0.0234375
1 0.2763671875 0.0576171875 0.08203125 0.033203125
1 0.49609375 0.2177734375 0.078125 0.0234375
1 0.53125 0.2470703125 0.0625 0.0234375
1 0.3251953125 0.400390625 0.064453125 0.01953125
1 0.2890625 0.4111328125 0.0390625 0.015625
1 0.2646484375 0.4150390625 0.03125 0.01171875
1 0.2578125 0.400390625 0.0390625 0.015625
1 0.283203125 0.548828125 0.046875 0.021484375
1 0.3232421875 0.453125 0.05078125 0.01953125
1 0.22265625 0.5283203125 0.037109375 0.01953125
1 0.1962890625 0.5224609375 0.0390625 0.015625
1 0.9248046875 0.49609375 0.09375 0.025390625