1 0.33984375 0.271484375 0.0361328125 0.068359375
1 0.6083984375 0.2470703125 0.0791015625 0.1298828125
1 0.6142578125 0.5546875 0.0361328125 0.056640625
1 0.6611328125 0.86328125 0.041015625 0.0595703125
1 0.486328125 0.8642578125 0.025390625 0.04296875
1 0.4462890625 0.7998046875 0.033203125 0.0576171875
1 0.658203125 0.458984375 0.0224609375 0.056640625
1 0.658203125 0.541015625 0.021484375 0.0517578125
1 0.658203125 0.5712890625 0.0234375 0.0634765625
1 0.4384765625 0.4658203125 0.029296875 0.0703125
1 0.0234375 0.0859375 0.0419921875 0.072265625