1 0.525390625 0.1865234375 0.0615234375 0.1591796875
1 0.556640625 0.2197265625 0.0361328125 0.0869140625
1 0.4033203125 0.365234375 0.0419921875 0.0751953125
1 0.4521484375 0.4130859375 0.0341796875 0.076171875
1 0.5400390625 0.515625 0.03125 0.0546875
1 0.7568359375 0.1728515625 0.0498046875 0.0791015625
1 0.6083984375 0.7431640625 0.0830078125 0.1728515625
1 0.5009765625 0.927734375 0.033203125 0.0712890625
1 0.4541015625 0.326171875 0.03515625 0.0556640625
1 0.3388671875 0.056640625 0.0380859375 0.0712890625
1 0.4267578125 0.2109375 0.0458984375 0.0859375