1 0.29296875 0.751953125 0.08984375 0.0234375
1 0.2626953125 0.720703125 0.05859375 0.03125
1 0.638671875 0.8837890625 0.060546875 0.0234375
1 0.759765625 0.2529296875 0.0546875 0.0234375
1 0.5703125 0.55078125 0.04296875 0.01953125
1 0.607421875 0.46875 0.04296875 0.01953125
1 0.478515625 0.9541015625 0.08984375 0.029296875
1 0.6181640625 0.583984375 0.0546875 0.015625
1 0.62890625 0.5732421875 0.03125 0.017578125
1 0.6025390625 0.578125 0.044921875 0.013671875
1 0.666015625 0.4912109375 0.0625 0.017578125
1 0.6630859375 0.48046875 0.033203125 0.015625