1 0.9501953125 0.1982421875 0.033203125 0.0830078125
1 0.8212890625 0.4521484375 0.0244140625 0.0771484375
1 0.791015625 0.4765625 0.0224609375 0.0615234375
1 0.48828125 0.19140625 0.0224609375 0.0478515625
1 0.580078125 0.2353515625 0.025390625 0.0498046875
1 0.6455078125 0.35546875 0.0205078125 0.07421875
1 0.6337890625 0.3349609375 0.0244140625 0.078125
1 0.640625 0.2841796875 0.0185546875 0.046875
1 0.509765625 0.1669921875 0.01953125 0.04296875
1 0.6513671875 0.2509765625 0.02734375 0.0390625
1 0.544921875 0.14453125 0.0263671875 0.0625
1 0.5556640625 0.166015625 0.0224609375 0.06640625
1 0.5751953125 0.1796875 0.0205078125 0.068359375
1 0.5966796875 0.1796875 0.0244140625 0.0419921875
1 0.5205078125 0.8525390625 0.0341796875 0.0869140625