1 0.4794921875 0.0458984375 0.083984375 0.025390625
1 0.63671875 0.1171875 0.05859375 0.01953125
1 0.2939453125 0.25 0.078125 0.0234375
1 0.2666015625 0.28125 0.05859375 0.0234375
1 0.755859375 0.74609375 0.046875 0.021484375
1 0.6484375 0.5185546875 0.06640625 0.017578125
1 0.6611328125 0.529296875 0.02734375 0.01171875
1 0.6357421875 0.5302734375 0.025390625 0.01171875
1 0.59765625 0.4287109375 0.041015625 0.01953125
1 0.607421875 0.431640625 0.0234375 0.017578125
1 0.5419921875 0.4609375 0.05078125 0.01953125
1 0.57421875 0.5439453125 0.0390625 0.01953125
1 0.5751953125 0.435546875 0.0390625 0.015625