1 0.2490234375 0.4287109375 0.078125 0.03125
1 0.859375 0.5 0.068359375 0.03125
1 0.8154296875 0.59765625 0.0703125 0.02734375
1 0.58984375 0.6279296875 0.07421875 0.021484375
1 0.6015625 0.611328125 0.0703125 0.02734375
1 0.8837890625 0.9072265625 0.08984375 0.037109375
1 0.591796875 0.849609375 0.076171875 0.029296875
1 0.5625 0.8125 0.0625 0.01953125
1 0.6533203125 0.6376953125 0.0625 0.03515625
1 0.70703125 0.66796875 0.064453125 0.0234375
1 0.74609375 0.6591796875 0.0703125 0.02734375
1 0.802734375 0.6796875 0.0703125 0.02734375