1 0.4794921875 0.955078125 0.08203125 0.025390625
1 0.6357421875 0.8837890625 0.05859375 0.021484375
1 0.29296875 0.7509765625 0.078125 0.0234375
1 0.265625 0.7197265625 0.05859375 0.0234375
1 0.7548828125 0.255859375 0.046875 0.021484375
1 0.6376953125 0.4794921875 0.06640625 0.017578125
1 0.6513671875 0.4697265625 0.02734375 0.01171875
1 0.626953125 0.4677734375 0.025390625 0.01171875
1 0.5859375 0.568359375 0.041015625 0.01953125
1 0.59765625 0.5634765625 0.025390625 0.01953125
1 0.5302734375 0.5361328125 0.0546875 0.021484375
1 0.5615234375 0.4521484375 0.0390625 0.01953125
1 0.5634765625 0.5615234375 0.0390625 0.015625