1 0.56640625 0.46875 0.125 0.046875
1 0.3251953125 0.27734375 0.080078125 0.0390625
1 0.2861328125 0.4853515625 0.064453125 0.06640625
1 0.265625 0.3330078125 0.07421875 0.0546875
1 0.470703125 0.6240234375 0.080078125 0.046875
1 0.578125 0.4052734375 0.109375 0.0703125
1 0.658203125 0.27734375 0.078125 0.04296875
1 0.55859375 0.2685546875 0.09765625 0.04296875
1 0.3837890625 0.45703125 0.08984375 0.05859375
1 0.7744140625 0.2734375 0.1015625 0.041015625
1 0.8974609375 0.77734375 0.10546875 0.064453125