1 0.2900390625 0.7509765625 0.08984375 0.0234375
1 0.2626953125 0.7197265625 0.05859375 0.03125
1 0.6396484375 0.8837890625 0.060546875 0.0234375
1 0.759765625 0.251953125 0.0546875 0.0234375
1 0.703125 0.6015625 0.03515625 0.01171875
1 0.7099609375 0.6005859375 0.02734375 0.013671875
1 0.69921875 0.5986328125 0.0390625 0.015625
1 0.654296875 0.5751953125 0.0390625 0.01953125
1 0.6884765625 0.4990234375 0.0390625 0.01953125
1 0.7470703125 0.5205078125 0.03515625 0.013671875
1 0.734375 0.5107421875 0.03515625 0.013671875