1 0.0341796875 0.8095703125 0.0546875 0.10546875
1 0.3681640625 0.8642578125 0.05078125 0.0703125
1 0.4404296875 0.564453125 0.02734375 0.0625
1 0.51171875 0.51171875 0.04296875 0.07421875
1 0.60546875 0.4990234375 0.046875 0.0703125
1 0.529296875 0.294921875 0.0390625 0.1015625
1 0.4541015625 0.3974609375 0.03125 0.076171875
1 0.291015625 0.390625 0.037109375 0.0625
1 0.302734375 0.2841796875 0.046875 0.09765625
1 0.408203125 0.08984375 0.03515625 0.07421875
1 0.6220703125 0.4560546875 0.05859375 0.078125