1 0.302734375 0.2421875 0.03515625 0.064453125
1 0.615234375 0.2509765625 0.0791015625 0.1298828125
1 0.60546875 0.55859375 0.033203125 0.0517578125
1 0.669921875 0.83984375 0.041015625 0.0595703125
1 0.501953125 0.869140625 0.025390625 0.04296875
1 0.4443359375 0.8056640625 0.033203125 0.0576171875
1 0.6650390625 0.4619140625 0.0244140625 0.0595703125
1 0.6650390625 0.521484375 0.0244140625 0.056640625
1 0.6630859375 0.583984375 0.0234375 0.0634765625
1 0.44140625 0.45703125 0.029296875 0.0703125
1 0.025390625 0.0732421875 0.0439453125 0.076171875
1 0.693359375 0.484375 0.025390625 0.08203125