1 0.7861328125 0.2626953125 0.01953125 0.0546875
1 0.0205078125 0.552734375 0.01953125 0.078125
1 0.16015625 0.359375 0.017578125 0.06640625
1 0.01171875 0.5771484375 0.017578125 0.08203125
1 0.28125 0.7021484375 0.02734375 0.09375
1 0.1123046875 0.78515625 0.03515625 0.083984375
1 0.4794921875 0.1357421875 0.01171875 0.021484375
1 0.48046875 0.1416015625 0.01171875 0.015625
1 0.4892578125 0.171875 0.01171875 0.02734375
1 0.4150390625 0.1650390625 0.013671875 0.0234375
1 0.41796875 0.197265625 0.013671875 0.03125