1 0.6640625 0.2900390625 0.03515625 0.068359375
1 0.3896484375 0.248046875 0.078125 0.12890625
1 0.3857421875 0.5615234375 0.03515625 0.056640625
1 0.3369140625 0.865234375 0.041015625 0.05859375
1 0.513671875 0.865234375 0.0234375 0.041015625
1 0.5458984375 0.763671875 0.03515625 0.08984375
1 0.3154296875 0.6435546875 0.03125 0.046875
1 0.341796875 0.4638671875 0.0234375 0.056640625
1 0.337890625 0.525390625 0.021484375 0.05078125
1 0.3408203125 0.5751953125 0.0234375 0.06640625
1 0.564453125 0.4638671875 0.029296875 0.0703125
1 0.9794921875 0.08984375 0.037109375 0.0703125