1 0.9599609375 0.41796875 0.029296875 0.0830078125
1 0.873046875 0.2421875 0.021484375 0.0732421875
1 0.7646484375 0.61328125 0.021484375 0.0888671875
1 0.73046875 0.634765625 0.0302734375 0.060546875
1 0.525390625 0.4384765625 0.025390625 0.060546875
1 0.4287109375 0.41796875 0.029296875 0.0419921875
1 0.5712890625 0.365234375 0.025390625 0.0595703125
1 0.5576171875 0.36328125 0.021484375 0.03515625
1 0.5517578125 0.375 0.0146484375 0.0341796875
1 0.5546875 0.396484375 0.0244140625 0.03515625
1 0.462890625 0.3193359375 0.01953125 0.0625
1 0.4580078125 0.3154296875 0.0185546875 0.03515625
1 0.4560546875 0.328125 0.0244140625 0.0390625
1 0.4521484375 0.34375 0.0166015625 0.0263671875