1 0.3955078125 0.7578125 0.0302734375 0.0791015625
1 0.4775390625 0.14453125 0.0322265625 0.068359375
1 0.5751953125 0.19140625 0.02734375 0.07421875
1 0.861328125 0.1318359375 0.037109375 0.0888671875
1 0.826171875 0.421875 0.029296875 0.076171875
1 0.787109375 0.447265625 0.0205078125 0.0654296875
1 0.591796875 0.47265625 0.0224609375 0.0673828125
1 0.5712890625 0.4609375 0.0224609375 0.087890625
1 0.603515625 0.3837890625 0.021484375 0.0869140625
1 0.638671875 0.3017578125 0.017578125 0.0458984375
1 0.6435546875 0.2705078125 0.017578125 0.04296875
1 0.6484375 0.23828125 0.0166015625 0.052734375
1 0.65625 0.2265625 0.015625 0.0390625