1 0.7099609375 0.3359375 0.068359375 0.03515625
1 0.751953125 0.6103515625 0.12890625 0.078125
1 0.4384765625 0.6142578125 0.056640625 0.03515625
1 0.134765625 0.6630859375 0.05859375 0.041015625
1 0.134765625 0.486328125 0.041015625 0.0234375
1 0.236328125 0.4541015625 0.08984375 0.03515625
1 0.3564453125 0.6845703125 0.046875 0.03125
1 0.5361328125 0.658203125 0.056640625 0.0234375
1 0.474609375 0.662109375 0.05078125 0.021484375
1 0.4248046875 0.6591796875 0.06640625 0.0234375
1 0.5361328125 0.435546875 0.0703125 0.029296875
1 0.91015625 0.0205078125 0.0703125 0.037109375