1 0.33203125 0.234375 0.0361328125 0.068359375
1 0.6103515625 0.2470703125 0.0791015625 0.1298828125
1 0.6171875 0.55859375 0.0341796875 0.0546875
1 0.666015625 0.8623046875 0.04296875 0.0634765625
1 0.4951171875 0.8603515625 0.025390625 0.04296875
1 0.4453125 0.8046875 0.033203125 0.0576171875
1 0.6611328125 0.455078125 0.0244140625 0.0595703125
1 0.6630859375 0.5361328125 0.021484375 0.0517578125
1 0.6630859375 0.5703125 0.0234375 0.0634765625
1 0.439453125 0.4658203125 0.029296875 0.0703125
1 0.0244140625 0.0869140625 0.0439453125 0.076171875
1 0.693359375 0.509765625 0.025390625 0.08203125