1 0.376953125 0.228515625 0.0302734375 0.06640625
1 0.408203125 0.4384765625 0.037109375 0.056640625
1 0.4521484375 0.546875 0.029296875 0.078125
1 0.197265625 0.6455078125 0.044921875 0.0693359375
1 0.3291015625 0.8935546875 0.05078125 0.068359375
1 0.412109375 0.91015625 0.0380859375 0.0771484375
1 0.474609375 0.4560546875 0.0302734375 0.0576171875
1 0.451171875 0.4609375 0.033203125 0.060546875
1 0.609375 0.841796875 0.0390625 0.0693359375
1 0.6171875 0.4697265625 0.0380859375 0.0810546875
1 0.6220703125 0.53125 0.0537109375 0.0771484375