1 0.955078125 0.5205078125 0.025390625 0.0830078125
1 0.8837890625 0.3642578125 0.0205078125 0.0595703125
1 0.7509765625 0.70703125 0.0234375 0.078125
1 0.7197265625 0.734375 0.0244140625 0.05859375
1 0.255859375 0.2451171875 0.021484375 0.0458984375
1 0.4794921875 0.3623046875 0.017578125 0.06640625
1 0.4697265625 0.3486328125 0.0126953125 0.02734375
1 0.4677734375 0.373046875 0.01171875 0.025390625
1 0.568359375 0.4140625 0.0205078125 0.041015625
1 0.5634765625 0.40234375 0.0185546875 0.025390625
1 0.5361328125 0.4697265625 0.021484375 0.0537109375
1 0.4521484375 0.4384765625 0.01953125 0.0400390625
1 0.5615234375 0.4365234375 0.015625 0.0400390625