1 0.3896484375 0.2490234375 0.0302734375 0.06640625
1 0.4130859375 0.4326171875 0.037109375 0.056640625
1 0.451171875 0.5478515625 0.029296875 0.078125
1 0.1806640625 0.591796875 0.044921875 0.0693359375
1 0.3330078125 0.89453125 0.05078125 0.068359375
1 0.412109375 0.908203125 0.0380859375 0.0771484375
1 0.4775390625 0.4599609375 0.0302734375 0.0576171875
1 0.451171875 0.4501953125 0.03125 0.0576171875
1 0.6513671875 0.8369140625 0.0390625 0.0693359375
1 0.6201171875 0.4658203125 0.0380859375 0.0810546875
1 0.623046875 0.5322265625 0.0537109375 0.0771484375