1 0.302734375 0.7578125 0.03515625 0.064453125
1 0.615234375 0.7490234375 0.078125 0.12890625
1 0.60546875 0.44140625 0.033203125 0.05078125
1 0.669921875 0.16015625 0.041015625 0.05859375
1 0.501953125 0.130859375 0.025390625 0.04296875
1 0.4443359375 0.1943359375 0.033203125 0.05859375
1 0.6650390625 0.5380859375 0.0234375 0.05859375
1 0.6650390625 0.478515625 0.0234375 0.056640625
1 0.6630859375 0.416015625 0.0234375 0.0625
1 0.44140625 0.54296875 0.029296875 0.0703125
1 0.025390625 0.9267578125 0.04296875 0.076171875
1 0.693359375 0.515625 0.025390625 0.08203125