1 0.31640625 0.33203125 0.068359375 0.03515625
1 0.25390625 0.609375 0.13671875 0.08203125
1 0.5615234375 0.607421875 0.0546875 0.03515625
1 0.8740234375 0.6591796875 0.0625 0.04296875
1 0.8681640625 0.484375 0.041015625 0.0234375
1 0.73828125 0.4541015625 0.0625 0.03515625
1 0.6572265625 0.6865234375 0.06640625 0.03125
1 0.46875 0.658203125 0.056640625 0.0234375
1 0.53125 0.662109375 0.05078125 0.021484375
1 0.580078125 0.6591796875 0.06640625 0.0234375
1 0.4609375 0.4365234375 0.0703125 0.029296875
1 0.099609375 0.017578125 0.0703125 0.03515625