1 0.30078125 0.25 0.033203125 0.0615234375
1 0.6142578125 0.25 0.0791015625 0.1298828125
1 0.5947265625 0.5576171875 0.033203125 0.0517578125
1 0.4931640625 0.8671875 0.025390625 0.04296875
1 0.4423828125 0.8046875 0.033203125 0.0576171875
1 0.6630859375 0.4619140625 0.0244140625 0.0595703125
1 0.6650390625 0.5224609375 0.0244140625 0.056640625
1 0.662109375 0.5849609375 0.0234375 0.0634765625
1 0.4404296875 0.4619140625 0.029296875 0.0703125
1 0.0302734375 0.0712890625 0.0458984375 0.080078125
1 0.6943359375 0.478515625 0.025390625 0.08203125