1 0.701171875 0.171875 0.044921875 0.083984375
1 0.5009765625 0.30078125 0.0224609375 0.0859375
1 0.3544921875 0.6640625 0.0517578125 0.09765625
1 0.53515625 0.8515625 0.0244140625 0.09765625
1 0.5078125 0.814453125 0.0205078125 0.0693359375
1 0.4853515625 0.7763671875 0.0283203125 0.0693359375
1 0.3994140625 0.6455078125 0.0361328125 0.0732421875
1 0.3798828125 0.591796875 0.02734375 0.0439453125
1 0.3623046875 0.578125 0.03515625 0.0517578125
1 0.3525390625 0.5546875 0.0341796875 0.0458984375
1 0.3369140625 0.5478515625 0.029296875 0.06640625