1 0.0498046875 0.1982421875 0.033203125 0.08203125
1 0.1787109375 0.4521484375 0.0234375 0.078125
1 0.208984375 0.4765625 0.0234375 0.0625
1 0.51171875 0.19140625 0.0234375 0.046875
1 0.419921875 0.2353515625 0.025390625 0.05078125
1 0.3544921875 0.35546875 0.01953125 0.07421875
1 0.3662109375 0.3349609375 0.0234375 0.078125
1 0.359375 0.2841796875 0.01953125 0.046875
1 0.490234375 0.1669921875 0.01953125 0.04296875
1 0.3486328125 0.2509765625 0.02734375 0.0390625
1 0.455078125 0.14453125 0.02734375 0.0625
1 0.4443359375 0.166015625 0.0234375 0.06640625
1 0.4248046875 0.1796875 0.01953125 0.068359375
1 0.4033203125 0.1796875 0.0234375 0.04296875
1 0.4794921875 0.8525390625 0.03515625 0.0859375