1 0.529296875 0.802734375 0.05859375 0.15234375
1 0.5595703125 0.765625 0.03515625 0.08203125
1 0.3154296875 0.6171875 0.04296875 0.056640625
1 0.4599609375 0.4794921875 0.037109375 0.083984375
1 0.54296875 0.478515625 0.03515625 0.0546875
1 0.7568359375 0.8154296875 0.05078125 0.078125
1 0.611328125 0.2568359375 0.078125 0.1640625
1 0.5146484375 0.083984375 0.03515625 0.07421875
1 0.2451171875 0.58984375 0.046875 0.064453125
1 0.361328125 0.55078125 0.044921875 0.078125
1 0.337890625 0.96875 0.0546875 0.0625