1 0.8583984375 0.7060546875 0.087890625 0.046875
1 0.724609375 0.498046875 0.095703125 0.0234375
1 0.345703125 0.3388671875 0.1015625 0.0546875
1 0.14453125 0.537109375 0.09765625 0.0234375
1 0.1826171875 0.5068359375 0.0703125 0.01953125
1 0.21875 0.4833984375 0.072265625 0.03125
1 0.3671875 0.3759765625 0.078125 0.0390625
1 0.4140625 0.3701171875 0.046875 0.02734375
1 0.423828125 0.3564453125 0.0546875 0.03515625
1 0.4541015625 0.33984375 0.05078125 0.037109375
1 0.4609375 0.3251953125 0.0703125 0.03125