1 0.6259765625 0.525390625 0.052734375 0.099609375
1 0.357421875 0.8916015625 0.04296875 0.06640625
1 0.330078125 0.5283203125 0.02734375 0.056640625
1 0.380859375 0.4697265625 0.037109375 0.06640625
1 0.4150390625 0.4267578125 0.025390625 0.05859375
1 0.4404296875 0.435546875 0.03125 0.064453125
1 0.5322265625 0.443359375 0.029296875 0.07421875
1 0.2060546875 0.888671875 0.05078125 0.08984375
1 0.2900390625 0.705078125 0.0390625 0.056640625
1 0.4306640625 0.9140625 0.03125 0.078125
1 0.318359375 0.2783203125 0.05078125 0.0546875