1 0.830078125 0.7021484375 0.083984375 0.044921875
1 0.7001953125 0.501953125 0.08984375 0.0234375
1 0.337890625 0.3505859375 0.1015625 0.0546875
1 0.142578125 0.5361328125 0.09765625 0.0234375
1 0.1796875 0.5078125 0.0703125 0.01953125
1 0.2177734375 0.4853515625 0.0703125 0.02734375
1 0.3515625 0.396484375 0.07421875 0.03515625
1 0.40625 0.376953125 0.04296875 0.02734375
1 0.4140625 0.36328125 0.05078125 0.03515625
1 0.4453125 0.349609375 0.046875 0.03515625
1 0.4482421875 0.333984375 0.06640625 0.029296875