1 0.70703125 0.064453125 0.046875 0.103515625
1 0.5087890625 0.2275390625 0.0341796875 0.0771484375
1 0.3955078125 0.6435546875 0.0537109375 0.1015625
1 0.6123046875 0.8046875 0.0400390625 0.107421875
1 0.578125 0.7744140625 0.03515625 0.072265625
1 0.546875 0.7412109375 0.0302734375 0.072265625
1 0.42578125 0.611328125 0.041015625 0.0810546875
1 0.4140625 0.5673828125 0.029296875 0.048828125
1 0.39453125 0.55859375 0.0380859375 0.056640625
1 0.380859375 0.533203125 0.041015625 0.0556640625
1 0.3623046875 0.53125 0.033203125 0.0732421875