1 0.80078125 0.4716796875 0.15234375 0.05859375
1 0.765625 0.44140625 0.08203125 0.03515625
1 0.625 0.73828125 0.05859375 0.04296875
1 0.4765625 0.541015625 0.083984375 0.037109375
1 0.4755859375 0.4580078125 0.0546875 0.03515625
1 0.8154296875 0.2451171875 0.078125 0.05078125
1 0.25390625 0.3876953125 0.1640625 0.078125
1 0.087890625 0.4677734375 0.08984375 0.03515625
1 0.53125 0.818359375 0.064453125 0.04296875
1 0.5546875 0.720703125 0.078125 0.044921875
1 0.9541015625 0.66015625 0.064453125 0.05859375