1 0.2177734375 0.2607421875 0.0205078125 0.0556640625
1 0.9853515625 0.5556640625 0.01953125 0.0830078125
1 0.8447265625 0.359375 0.017578125 0.0654296875
1 0.9912109375 0.58203125 0.017578125 0.0810546875
1 0.7216796875 0.701171875 0.02734375 0.09375
1 0.8935546875 0.7783203125 0.0341796875 0.083984375
1 0.509765625 0.193359375 0.0126953125 0.0283203125
1 0.5810546875 0.18359375 0.0146484375 0.0322265625
1 0.5771484375 0.2177734375 0.017578125 0.0283203125
1 0.5224609375 0.1552734375 0.013671875 0.0322265625
1 0.5146484375 0.162109375 0.013671875 0.0322265625