1 0.771484375 0.623046875 0.06640625 0.03125
1 0.5615234375 0.591796875 0.056640625 0.037109375
1 0.453125 0.5478515625 0.078125 0.029296875
1 0.3544921875 0.802734375 0.0703125 0.044921875
1 0.1064453125 0.6708984375 0.068359375 0.05078125
1 0.08984375 0.587890625 0.078125 0.0390625
1 0.5439453125 0.525390625 0.05859375 0.03125
1 0.5390625 0.548828125 0.060546875 0.033203125
1 0.158203125 0.390625 0.0703125 0.0390625
1 0.5302734375 0.3828125 0.08203125 0.0390625
1 0.46875 0.3779296875 0.078125 0.0546875