1 0.3388671875 0.248046875 0.03515625 0.064453125
1 0.6103515625 0.24609375 0.0791015625 0.1298828125
1 0.615234375 0.5576171875 0.0341796875 0.0546875
1 0.6630859375 0.8642578125 0.041015625 0.0595703125
1 0.490234375 0.86328125 0.025390625 0.04296875
1 0.4443359375 0.802734375 0.033203125 0.0576171875
1 0.66015625 0.455078125 0.0244140625 0.0595703125
1 0.662109375 0.525390625 0.021484375 0.0517578125
1 0.6611328125 0.5693359375 0.0224609375 0.0595703125
1 0.4375 0.458984375 0.029296875 0.0703125
1 0.0244140625 0.087890625 0.0439453125 0.076171875
1 0.6904296875 0.521484375 0.025390625 0.08203125