1 0.66796875 0.234375 0.03515625 0.068359375
1 0.3896484375 0.2470703125 0.078125 0.12890625
1 0.3828125 0.55859375 0.03515625 0.0546875
1 0.333984375 0.8623046875 0.04296875 0.0625
1 0.5048828125 0.8603515625 0.025390625 0.04296875
1 0.5546875 0.8046875 0.033203125 0.05859375
1 0.3388671875 0.455078125 0.0234375 0.05859375
1 0.3369140625 0.5361328125 0.021484375 0.05078125
1 0.3369140625 0.5703125 0.0234375 0.0625
1 0.560546875 0.4658203125 0.029296875 0.0703125
1 0.9755859375 0.0869140625 0.04296875 0.076171875
1 0.306640625 0.509765625 0.025390625 0.08203125