1 0.53125 0.56640625 0.046875 0.125
1 0.72265625 0.3251953125 0.0390625 0.080078125
1 0.5146484375 0.2861328125 0.06640625 0.064453125
1 0.6669921875 0.265625 0.0546875 0.07421875
1 0.3759765625 0.470703125 0.046875 0.080078125
1 0.5947265625 0.578125 0.0703125 0.109375
1 0.72265625 0.658203125 0.04296875 0.078125
1 0.7314453125 0.55859375 0.04296875 0.09765625
1 0.54296875 0.3837890625 0.05859375 0.08984375
1 0.7265625 0.7744140625 0.041015625 0.1015625
1 0.22265625 0.8974609375 0.06640625 0.10546875