1 0.0341796875 0.1904296875 0.0546875 0.10546875
1 0.3681640625 0.1357421875 0.05078125 0.0703125
1 0.4404296875 0.435546875 0.02734375 0.0625
1 0.51171875 0.48828125 0.04296875 0.07421875
1 0.60546875 0.5009765625 0.046875 0.0703125
1 0.529296875 0.705078125 0.0390625 0.1015625
1 0.4541015625 0.6025390625 0.03125 0.076171875
1 0.291015625 0.609375 0.037109375 0.0625
1 0.302734375 0.7158203125 0.046875 0.09765625
1 0.408203125 0.91015625 0.03515625 0.07421875
1 0.6220703125 0.5439453125 0.05859375 0.078125