1 0.5283203125 0.19921875 0.05859375 0.1513671875
1 0.55859375 0.234375 0.0341796875 0.0830078125
1 0.26171875 0.375 0.0419921875 0.0576171875
1 0.458984375 0.5234375 0.037109375 0.083984375
1 0.5419921875 0.5244140625 0.0341796875 0.0537109375
1 0.7548828125 0.1845703125 0.0498046875 0.0791015625
1 0.6123046875 0.74609375 0.0791015625 0.1640625
1 0.5322265625 0.912109375 0.03515625 0.08984375
1 0.181640625 0.46875 0.04296875 0.064453125
1 0.279296875 0.4453125 0.044921875 0.0791015625
1 0.33984375 0.0458984375 0.0576171875 0.064453125