1 0.6259765625 0.474609375 0.052734375 0.099609375
1 0.357421875 0.1083984375 0.04296875 0.06640625
1 0.330078125 0.4716796875 0.02734375 0.056640625
1 0.380859375 0.5302734375 0.037109375 0.06640625
1 0.4150390625 0.5732421875 0.025390625 0.05859375
1 0.4404296875 0.564453125 0.03125 0.064453125
1 0.5322265625 0.556640625 0.029296875 0.07421875
1 0.2060546875 0.111328125 0.05078125 0.08984375
1 0.2900390625 0.294921875 0.041015625 0.056640625
1 0.4306640625 0.0859375 0.03125 0.078125
1 0.318359375 0.7216796875 0.05078125 0.0546875