1 0.73828125 0.216796875 0.0546875 0.01953125
1 0.4443359375 0.9833984375 0.08203125 0.01953125
1 0.640625 0.8427734375 0.06640625 0.017578125
1 0.419921875 0.990234375 0.08203125 0.017578125
1 0.296875 0.720703125 0.09375 0.02734375
1 0.2158203125 0.8916015625 0.083984375 0.033203125
1 0.8564453125 0.517578125 0.021484375 0.01171875
1 0.8466796875 0.513671875 0.015625 0.01171875
1 0.8154296875 0.5087890625 0.02734375 0.01171875
1 0.822265625 0.583984375 0.0234375 0.013671875
1 0.7880859375 0.5810546875 0.03125 0.015625