1 0.1865234375 0.525390625 0.16015625 0.0625
1 0.2197265625 0.556640625 0.0859375 0.03515625
1 0.365234375 0.4033203125 0.07421875 0.04296875
1 0.4130859375 0.4521484375 0.076171875 0.03515625
1 0.515625 0.5400390625 0.0546875 0.03125
1 0.1728515625 0.7568359375 0.078125 0.048828125
1 0.7431640625 0.6083984375 0.171875 0.08203125
1 0.927734375 0.5009765625 0.0703125 0.033203125
1 0.326171875 0.4541015625 0.0546875 0.03515625
1 0.056640625 0.3388671875 0.0703125 0.0390625
1 0.2109375 0.4267578125 0.0859375 0.046875