1 0.248046875 0.708984375 0.0234375 0.08984375
1 0.279296875 0.7392578125 0.03125 0.05859375
1 0.1162109375 0.36328125 0.0234375 0.060546875
1 0.7470703125 0.240234375 0.0234375 0.0546875
1 0.4345703125 0.3837890625 0.01953125 0.0390625
1 0.5166015625 0.3515625 0.01953125 0.04296875
1 0.03125 0.57421875 0.029296875 0.08984375
1 0.4052734375 0.333984375 0.01953125 0.04296875
1 0.40625 0.3349609375 0.015625 0.03125
1 0.4091796875 0.3486328125 0.01953125 0.03125
1 0.490234375 0.294921875 0.015625 0.046875
1 0.4931640625 0.2861328125 0.015625 0.02734375
1 0.5009765625 0.29296875 0.015625 0.025390625
1 0.5029296875 0.3125 0.015625 0.029296875