1 0.0400390625 0.58203125 0.029296875 0.08203125
1 0.126953125 0.7578125 0.021484375 0.07421875
1 0.2353515625 0.38671875 0.021484375 0.08984375
1 0.26953125 0.365234375 0.03125 0.060546875
1 0.474609375 0.5615234375 0.025390625 0.060546875
1 0.5712890625 0.58203125 0.029296875 0.04296875
1 0.4287109375 0.634765625 0.025390625 0.05859375
1 0.4423828125 0.63671875 0.021484375 0.03515625
1 0.4482421875 0.625 0.015625 0.03515625
1 0.4453125 0.603515625 0.0234375 0.03515625
1 0.537109375 0.6806640625 0.01953125 0.0625
1 0.5419921875 0.6845703125 0.01953125 0.03515625
1 0.5439453125 0.671875 0.0234375 0.0390625
1 0.5478515625 0.65625 0.015625 0.02734375