1 0.46875 0.43359375 0.0478515625 0.1259765625
1 0.27734375 0.6748046875 0.0390625 0.080078125
1 0.4853515625 0.7138671875 0.0654296875 0.064453125
1 0.3330078125 0.734375 0.0537109375 0.07421875
1 0.6240234375 0.529296875 0.0458984375 0.080078125
1 0.4052734375 0.421875 0.0693359375 0.1103515625
1 0.27734375 0.341796875 0.0439453125 0.078125
1 0.2685546875 0.44140625 0.0439453125 0.0966796875
1 0.45703125 0.6162109375 0.05859375 0.08984375
1 0.2734375 0.2255859375 0.041015625 0.1015625
1 0.77734375 0.1025390625 0.0654296875 0.1044921875