1 0.2919921875 0.751953125 0.08984375 0.0234375
1 0.2607421875 0.720703125 0.05859375 0.03125
1 0.640625 0.8837890625 0.060546875 0.0234375
1 0.7587890625 0.2529296875 0.0546875 0.0234375
1 0.6435546875 0.5732421875 0.0390625 0.01953125
1 0.677734375 0.4951171875 0.0390625 0.01953125
1 0.734375 0.51953125 0.05859375 0.01171875
1 0.7421875 0.5107421875 0.025390625 0.01171875
1 0.7197265625 0.5087890625 0.0390625 0.01953125
1 0.703125 0.6025390625 0.03125 0.015625
1 0.701171875 0.5947265625 0.01953125 0.01171875
1 0.6787109375 0.59375 0.029296875 0.015625
1 0.404296875 0.9853515625 0.08984375 0.029296875