1 0.2138671875 0.2626953125 0.01953125 0.0537109375
1 0.9794921875 0.552734375 0.0185546875 0.078125
1 0.83984375 0.359375 0.017578125 0.0654296875
1 0.98828125 0.5771484375 0.017578125 0.0810546875
1 0.71875 0.7021484375 0.02734375 0.09375
1 0.8876953125 0.78515625 0.0341796875 0.083984375
1 0.5205078125 0.1357421875 0.01171875 0.021484375
1 0.51953125 0.1416015625 0.01171875 0.0166015625
1 0.5107421875 0.171875 0.01171875 0.02734375
1 0.5849609375 0.1650390625 0.013671875 0.0234375
1 0.58203125 0.197265625 0.013671875 0.0302734375