1 0.935546875 0.70703125 0.103515625 0.046875
1 0.7724609375 0.5087890625 0.078125 0.03515625
1 0.3564453125 0.3955078125 0.1015625 0.0546875
1 0.1953125 0.6123046875 0.107421875 0.0390625
1 0.2255859375 0.578125 0.072265625 0.03515625
1 0.2587890625 0.546875 0.072265625 0.03125
1 0.388671875 0.42578125 0.08203125 0.041015625
1 0.4326171875 0.4140625 0.048828125 0.029296875
1 0.44140625 0.39453125 0.056640625 0.0390625
1 0.466796875 0.380859375 0.0546875 0.041015625
1 0.46875 0.3623046875 0.07421875 0.033203125