1 0.2421875 0.6044921875 0.078125 0.03125
1 0.85546875 0.5224609375 0.068359375 0.03125
1 0.80859375 0.4248046875 0.07421875 0.02734375
1 0.8681640625 0.138671875 0.08984375 0.037109375
1 0.578125 0.173828125 0.076171875 0.029296875
1 0.552734375 0.212890625 0.06640625 0.01953125
1 0.52734375 0.408203125 0.06640625 0.0234375
1 0.5390625 0.4287109375 0.087890625 0.0234375
1 0.6162109375 0.396484375 0.0859375 0.021484375
1 0.6982421875 0.361328125 0.046875 0.017578125
1 0.7294921875 0.3564453125 0.04296875 0.017578125
1 0.76171875 0.3515625 0.052734375 0.015625
1 0.7734375 0.34375 0.0390625 0.015625