1 0.3203125 0.328125 0.068359375 0.03515625
1 0.25390625 0.611328125 0.13671875 0.08203125
1 0.5498046875 0.6103515625 0.0546875 0.03515625
1 0.873046875 0.658203125 0.0625 0.04296875
1 0.8681640625 0.4833984375 0.041015625 0.0234375
1 0.724609375 0.455078125 0.0625 0.03515625
1 0.669921875 0.6865234375 0.06640625 0.03125
1 0.466796875 0.6591796875 0.056640625 0.0234375
1 0.5302734375 0.662109375 0.05078125 0.021484375
1 0.578125 0.6591796875 0.06640625 0.0234375
1 0.453125 0.43359375 0.0703125 0.0234375
1 0.0927734375 0.0166015625 0.078125 0.03125