1 0.09375 0.3828125 0.0615234375 0.056640625
1 0.48046875 0.28125 0.02734375 0.0537109375
1 0.6337890625 0.4345703125 0.0263671875 0.0751953125
1 0.306640625 0.677734375 0.0322265625 0.080078125
1 0.3349609375 0.701171875 0.03515625 0.064453125
1 0.3681640625 0.7724609375 0.0322265625 0.0654296875
1 0.42578125 0.8896484375 0.041015625 0.078125
1 0.349609375 0.951171875 0.0244140625 0.02734375
1 0.3115234375 0.5693359375 0.0478515625 0.0517578125
1 0.4111328125 0.8115234375 0.0390625 0.0595703125
1 0.3837890625 0.9580078125 0.0283203125 0.037109375