1 0.57421875 0.470703125 0.125 0.046875
1 0.328125 0.2734375 0.080078125 0.0390625
1 0.2861328125 0.4775390625 0.064453125 0.06640625
1 0.2724609375 0.3466796875 0.07421875 0.0546875
1 0.4697265625 0.623046875 0.080078125 0.046875
1 0.5849609375 0.4033203125 0.109375 0.0703125
1 0.6865234375 0.2724609375 0.078125 0.04296875
1 0.599609375 0.2685546875 0.091796875 0.04296875
1 0.38671875 0.4658203125 0.08984375 0.05859375
1 0.8291015625 0.267578125 0.1015625 0.041015625
1 0.908203125 0.783203125 0.1015625 0.0625