1 0.2177734375 0.7392578125 0.01953125 0.0546875
1 0.9853515625 0.4443359375 0.01953125 0.08203125
1 0.8447265625 0.640625 0.017578125 0.06640625
1 0.9912109375 0.41796875 0.017578125 0.08203125
1 0.7216796875 0.298828125 0.02734375 0.09375
1 0.8935546875 0.2216796875 0.03515625 0.083984375
1 0.509765625 0.806640625 0.01171875 0.02734375
1 0.5810546875 0.81640625 0.015625 0.03125
1 0.5771484375 0.7822265625 0.017578125 0.02734375
1 0.5224609375 0.8447265625 0.013671875 0.03125
1 0.5146484375 0.837890625 0.013671875 0.03125