1 0.328125 0.3203125 0.0361328125 0.068359375
1 0.611328125 0.25390625 0.0830078125 0.1357421875
1 0.6103515625 0.5498046875 0.0341796875 0.0546875
1 0.658203125 0.873046875 0.04296875 0.0634765625
1 0.4833984375 0.8681640625 0.0244140625 0.041015625
1 0.455078125 0.724609375 0.03515625 0.0634765625
1 0.6865234375 0.669921875 0.03125 0.06640625
1 0.6591796875 0.466796875 0.0224609375 0.056640625
1 0.662109375 0.5302734375 0.021484375 0.0517578125
1 0.6591796875 0.578125 0.0244140625 0.06640625
1 0.43359375 0.453125 0.0234375 0.0703125
1 0.0166015625 0.0927734375 0.0302734375 0.0791015625