1 0.470703125 0.42578125 0.0478515625 0.1259765625
1 0.2734375 0.671875 0.0390625 0.080078125
1 0.4775390625 0.7138671875 0.0654296875 0.064453125
1 0.3466796875 0.7275390625 0.0537109375 0.07421875
1 0.623046875 0.5302734375 0.0458984375 0.080078125
1 0.4033203125 0.4150390625 0.0693359375 0.1103515625
1 0.2724609375 0.3134765625 0.0439453125 0.078125
1 0.2685546875 0.400390625 0.0419921875 0.091796875
1 0.4658203125 0.61328125 0.05859375 0.08984375
1 0.267578125 0.1708984375 0.041015625 0.1015625
1 0.783203125 0.091796875 0.0615234375 0.1005859375