1 0.5458984375 0.8447265625 0.03515625 0.033203125
1 0.3681640625 0.232421875 0.02734375 0.05078125
1 0.6533203125 0.3330078125 0.033203125 0.05859375
1 0.564453125 0.546875 0.04296875 0.076171875
1 0.4423828125 0.4296875 0.0234375 0.041015625
1 0.474609375 0.6474609375 0.03125 0.0703125
1 0.29296875 0.6220703125 0.02734375 0.04296875
1 0.40625 0.9091796875 0.02734375 0.0703125
1 0.509765625 0.859375 0.025390625 0.046875
1 0.541015625 0.9013671875 0.052734375 0.0546875
1 0.6240234375 0.5556640625 0.03125 0.06640625