1 0.7509765625 0.708984375 0.0224609375 0.08984375
1 0.7197265625 0.740234375 0.0302734375 0.05859375
1 0.8837890625 0.361328125 0.0234375 0.0634765625
1 0.2529296875 0.2412109375 0.0224609375 0.0537109375
1 0.55859375 0.3994140625 0.0205078125 0.0419921875
1 0.4775390625 0.369140625 0.0205078125 0.0419921875
1 0.95703125 0.5302734375 0.03125 0.0947265625
1 0.5966796875 0.3544921875 0.0166015625 0.0556640625
1 0.5810546875 0.3466796875 0.0166015625 0.0302734375
1 0.580078125 0.3671875 0.013671875 0.044921875
1 0.5 0.310546875 0.017578125 0.0625
1 0.4912109375 0.3173828125 0.015625 0.033203125