1 0.7021484375 0.169921875 0.044921875 0.083984375
1 0.501953125 0.2998046875 0.0234375 0.0908203125
1 0.3505859375 0.662109375 0.0537109375 0.1015625
1 0.5361328125 0.857421875 0.0244140625 0.09765625
1 0.5078125 0.8203125 0.0205078125 0.0693359375
1 0.4853515625 0.7822265625 0.0283203125 0.0693359375
1 0.396484375 0.6484375 0.0361328125 0.0732421875
1 0.376953125 0.59375 0.02734375 0.0439453125
1 0.36328125 0.5859375 0.03515625 0.0517578125
1 0.349609375 0.5546875 0.0341796875 0.0458984375
1 0.333984375 0.5517578125 0.029296875 0.06640625