1 0.216796875 0.26171875 0.01953125 0.0537109375
1 0.9833984375 0.5556640625 0.01953125 0.0830078125
1 0.8427734375 0.359375 0.017578125 0.0654296875
1 0.990234375 0.580078125 0.017578125 0.0810546875
1 0.720703125 0.703125 0.02734375 0.09375
1 0.8916015625 0.7841796875 0.0341796875 0.083984375
1 0.517578125 0.1435546875 0.01171875 0.021484375
1 0.513671875 0.1533203125 0.01171875 0.0166015625
1 0.5087890625 0.1845703125 0.01171875 0.02734375
1 0.583984375 0.177734375 0.013671875 0.0234375
1 0.5810546875 0.2119140625 0.0146484375 0.03125