1 0.9599609375 0.41796875 0.029296875 0.08203125
1 0.873046875 0.2421875 0.021484375 0.07421875
1 0.7646484375 0.61328125 0.021484375 0.08984375
1 0.73046875 0.634765625 0.03125 0.060546875
1 0.525390625 0.4384765625 0.025390625 0.060546875
1 0.4287109375 0.41796875 0.029296875 0.04296875
1 0.5712890625 0.365234375 0.025390625 0.05859375
1 0.5576171875 0.36328125 0.021484375 0.03515625
1 0.5517578125 0.375 0.015625 0.03515625
1 0.5546875 0.396484375 0.0234375 0.03515625
1 0.462890625 0.3193359375 0.01953125 0.0625
1 0.4580078125 0.3154296875 0.01953125 0.03515625
1 0.4560546875 0.328125 0.0234375 0.0390625
1 0.4521484375 0.34375 0.015625 0.02734375