1 0.234375 0.15625 0.0263671875 0.0576171875
1 0.2255859375 0.09375 0.0185546875 0.046875
1 0.8681640625 0.0966796875 0.0234375 0.0703125
1 0.9423828125 0.2763671875 0.033203125 0.0830078125
1 0.7822265625 0.49609375 0.0244140625 0.0771484375
1 0.7529296875 0.53125 0.0224609375 0.0615234375
1 0.599609375 0.3251953125 0.0205078125 0.064453125
1 0.5888671875 0.2890625 0.0146484375 0.0390625
1 0.5849609375 0.2646484375 0.01171875 0.0302734375
1 0.599609375 0.2578125 0.0166015625 0.0390625
1 0.451171875 0.283203125 0.021484375 0.0458984375
1 0.546875 0.3232421875 0.0185546875 0.0498046875
1 0.4716796875 0.22265625 0.0205078125 0.037109375
1 0.4775390625 0.1962890625 0.0166015625 0.0390625
1 0.50390625 0.9248046875 0.0244140625 0.09375