1 0.70703125 0.751953125 0.08984375 0.0234375
1 0.7373046875 0.720703125 0.05859375 0.03125
1 0.361328125 0.8837890625 0.060546875 0.0234375
1 0.240234375 0.2529296875 0.0546875 0.0234375
1 0.4296875 0.55078125 0.04296875 0.01953125
1 0.392578125 0.46875 0.04296875 0.01953125
1 0.521484375 0.9541015625 0.08984375 0.029296875
1 0.3818359375 0.583984375 0.0546875 0.015625
1 0.37109375 0.5732421875 0.03125 0.017578125
1 0.3974609375 0.578125 0.044921875 0.013671875
1 0.333984375 0.4912109375 0.0625 0.017578125
1 0.3369140625 0.48046875 0.033203125 0.015625