1 0.751953125 0.7080078125 0.0224609375 0.08984375
1 0.720703125 0.7392578125 0.0302734375 0.05859375
1 0.8837890625 0.359375 0.0224609375 0.060546875
1 0.2529296875 0.2412109375 0.0224609375 0.0537109375
1 0.5732421875 0.3564453125 0.0185546875 0.0390625
1 0.4951171875 0.322265625 0.0185546875 0.0390625
1 0.51953125 0.265625 0.0126953125 0.0595703125
1 0.5107421875 0.2578125 0.0126953125 0.025390625
1 0.5087890625 0.2802734375 0.0185546875 0.0400390625
1 0.6025390625 0.296875 0.015625 0.03125
1 0.5947265625 0.298828125 0.01171875 0.0205078125
1 0.59375 0.3212890625 0.0166015625 0.029296875
1 0.9853515625 0.595703125 0.029296875 0.08984375