1 0.078125 0.3994140625 0.0615234375 0.056640625
1 0.4833984375 0.2890625 0.02734375 0.0537109375
1 0.634765625 0.4404296875 0.025390625 0.0712890625
1 0.3095703125 0.681640625 0.0322265625 0.080078125
1 0.337890625 0.697265625 0.0341796875 0.0615234375
1 0.3720703125 0.78125 0.0322265625 0.0654296875
1 0.4248046875 0.8828125 0.041015625 0.078125
1 0.3486328125 0.9453125 0.0244140625 0.02734375
1 0.310546875 0.5849609375 0.0478515625 0.0517578125
1 0.4208984375 0.8134765625 0.0390625 0.0595703125
1 0.3759765625 0.953125 0.0283203125 0.037109375