1 0.6611328125 0.248046875 0.03515625 0.064453125
1 0.3896484375 0.24609375 0.080078125 0.12890625
1 0.384765625 0.5576171875 0.03515625 0.0546875
1 0.3369140625 0.8642578125 0.041015625 0.05859375
1 0.509765625 0.86328125 0.025390625 0.04296875
1 0.5556640625 0.802734375 0.033203125 0.05859375
1 0.33984375 0.455078125 0.0234375 0.05859375
1 0.337890625 0.525390625 0.021484375 0.05078125
1 0.3388671875 0.5693359375 0.0234375 0.05859375
1 0.5625 0.458984375 0.029296875 0.0703125
1 0.9755859375 0.087890625 0.04296875 0.076171875
1 0.3095703125 0.521484375 0.025390625 0.08203125