1 0.3359375 0.2900390625 0.0361328125 0.068359375
1 0.6103515625 0.248046875 0.0791015625 0.1298828125
1 0.6142578125 0.5615234375 0.0361328125 0.056640625
1 0.6630859375 0.865234375 0.041015625 0.0595703125
1 0.486328125 0.865234375 0.0244140625 0.041015625
1 0.4541015625 0.763671875 0.0361328125 0.08984375
1 0.6845703125 0.6435546875 0.03125 0.0458984375
1 0.658203125 0.4638671875 0.0224609375 0.056640625
1 0.662109375 0.525390625 0.021484375 0.0517578125
1 0.6591796875 0.5751953125 0.0244140625 0.06640625
1 0.435546875 0.4638671875 0.029296875 0.0703125
1 0.0205078125 0.08984375 0.037109375 0.0693359375