1 0.29296875 0.935546875 0.046875 0.103515625
1 0.4912109375 0.7724609375 0.033203125 0.078125
1 0.6044921875 0.3564453125 0.0546875 0.1015625
1 0.3876953125 0.1953125 0.0390625 0.107421875
1 0.421875 0.2255859375 0.03515625 0.072265625
1 0.453125 0.2587890625 0.03125 0.072265625
1 0.57421875 0.388671875 0.041015625 0.08203125
1 0.5859375 0.4326171875 0.029296875 0.048828125
1 0.60546875 0.44140625 0.0390625 0.056640625
1 0.619140625 0.466796875 0.041015625 0.0546875
1 0.6376953125 0.46875 0.033203125 0.07421875