1 0.5712890625 0.2490234375 0.03125 0.078125
1 0.5 0.859375 0.03125 0.068359375
1 0.40234375 0.8154296875 0.02734375 0.0703125
1 0.3720703125 0.58984375 0.021484375 0.07421875
1 0.388671875 0.6015625 0.02734375 0.0703125
1 0.0927734375 0.8837890625 0.037109375 0.08984375
1 0.150390625 0.591796875 0.029296875 0.076171875
1 0.1875 0.5625 0.01953125 0.0625
1 0.3623046875 0.6533203125 0.03515625 0.0625
1 0.33203125 0.70703125 0.0234375 0.064453125
1 0.3408203125 0.74609375 0.029296875 0.0703125
1 0.3203125 0.802734375 0.02734375 0.0703125