1 0.33203125 0.31640625 0.0361328125 0.068359375
1 0.609375 0.25390625 0.0830078125 0.1357421875
1 0.607421875 0.5615234375 0.0341796875 0.0546875
1 0.6591796875 0.8740234375 0.04296875 0.0634765625
1 0.484375 0.8681640625 0.0244140625 0.041015625
1 0.4541015625 0.73828125 0.03515625 0.0634765625
1 0.6865234375 0.6572265625 0.03125 0.06640625
1 0.658203125 0.46875 0.0224609375 0.056640625
1 0.662109375 0.53125 0.021484375 0.0517578125
1 0.6591796875 0.580078125 0.0244140625 0.06640625
1 0.4365234375 0.4609375 0.029296875 0.0703125
1 0.017578125 0.099609375 0.03515625 0.0693359375