1 0.7060546875 0.1416015625 0.046875 0.087890625
1 0.498046875 0.275390625 0.0244140625 0.095703125
1 0.3388671875 0.654296875 0.0537109375 0.1015625
1 0.537109375 0.85546875 0.0244140625 0.09765625
1 0.5068359375 0.8173828125 0.0205078125 0.0693359375
1 0.4833984375 0.78125 0.0302734375 0.072265625
1 0.3759765625 0.6328125 0.0380859375 0.0771484375
1 0.3701171875 0.5859375 0.0283203125 0.0458984375
1 0.3564453125 0.576171875 0.0361328125 0.0546875
1 0.33984375 0.5458984375 0.037109375 0.05078125
1 0.3251953125 0.5390625 0.03125 0.0703125