1 0.525390625 0.8134765625 0.060546875 0.16015625
1 0.556640625 0.7802734375 0.03515625 0.0859375
1 0.4033203125 0.634765625 0.04296875 0.07421875
1 0.4521484375 0.5869140625 0.03515625 0.076171875
1 0.5400390625 0.484375 0.03125 0.0546875
1 0.7568359375 0.8271484375 0.05078125 0.078125
1 0.6083984375 0.2568359375 0.08203125 0.171875
1 0.5009765625 0.072265625 0.033203125 0.0703125
1 0.4541015625 0.673828125 0.03515625 0.0546875
1 0.3388671875 0.943359375 0.0390625 0.0703125
1 0.4267578125 0.7890625 0.046875 0.0859375