1 0.33984375 0.728515625 0.03515625 0.068359375
1 0.6083984375 0.7529296875 0.078125 0.12890625
1 0.6142578125 0.4453125 0.03515625 0.056640625
1 0.6611328125 0.13671875 0.041015625 0.05859375
1 0.486328125 0.1357421875 0.025390625 0.04296875
1 0.4462890625 0.2001953125 0.033203125 0.05859375
1 0.658203125 0.541015625 0.0234375 0.056640625
1 0.658203125 0.458984375 0.021484375 0.05078125
1 0.658203125 0.4287109375 0.0234375 0.0625
1 0.4384765625 0.5341796875 0.029296875 0.0703125
1 0.0234375 0.9140625 0.04296875 0.072265625