1 0.9541015625 0.5205078125 0.025390625 0.0830078125
1 0.8828125 0.36328125 0.0205078125 0.0595703125
1 0.75 0.7060546875 0.0234375 0.078125
1 0.71875 0.7333984375 0.0244140625 0.05859375
1 0.25390625 0.244140625 0.021484375 0.0458984375
1 0.4814453125 0.3515625 0.017578125 0.06640625
1 0.470703125 0.3388671875 0.0126953125 0.02734375
1 0.4697265625 0.3642578125 0.01171875 0.025390625
1 0.5712890625 0.40234375 0.0205078125 0.041015625
1 0.568359375 0.392578125 0.017578125 0.0244140625
1 0.5390625 0.4580078125 0.0205078125 0.05078125
1 0.4560546875 0.42578125 0.0185546875 0.0390625
1 0.564453125 0.4248046875 0.0146484375 0.0390625