1 0.7578125 0.3955078125 0.078125 0.03125
1 0.14453125 0.4775390625 0.068359375 0.03125
1 0.19140625 0.5751953125 0.07421875 0.02734375
1 0.1318359375 0.861328125 0.08984375 0.037109375
1 0.421875 0.826171875 0.076171875 0.029296875
1 0.447265625 0.787109375 0.06640625 0.01953125
1 0.47265625 0.591796875 0.06640625 0.0234375
1 0.4609375 0.5712890625 0.087890625 0.0234375
1 0.3837890625 0.603515625 0.0859375 0.021484375
1 0.3017578125 0.638671875 0.046875 0.017578125
1 0.2705078125 0.6435546875 0.04296875 0.017578125
1 0.23828125 0.6484375 0.052734375 0.015625
1 0.2265625 0.65625 0.0390625 0.015625