1 0.3388671875 0.751953125 0.03515625 0.064453125
1 0.6103515625 0.75390625 0.078125 0.12890625
1 0.615234375 0.4423828125 0.03515625 0.0546875
1 0.6630859375 0.1357421875 0.041015625 0.05859375
1 0.490234375 0.13671875 0.025390625 0.04296875
1 0.4443359375 0.197265625 0.033203125 0.05859375
1 0.66015625 0.544921875 0.0234375 0.05859375
1 0.662109375 0.474609375 0.021484375 0.05078125
1 0.6611328125 0.4306640625 0.0234375 0.05859375
1 0.4375 0.541015625 0.029296875 0.0703125
1 0.0244140625 0.912109375 0.044921875 0.076171875
1 0.6904296875 0.478515625 0.025390625 0.08203125