1 0.6171875 0.09375 0.056640625 0.0625
1 0.71875 0.48046875 0.0546875 0.02734375
1 0.5654296875 0.6337890625 0.07421875 0.02734375
1 0.322265625 0.306640625 0.080078125 0.03125
1 0.298828125 0.3349609375 0.064453125 0.03515625
1 0.2275390625 0.3681640625 0.06640625 0.03125
1 0.1103515625 0.42578125 0.078125 0.041015625
1 0.048828125 0.349609375 0.02734375 0.0234375
1 0.4306640625 0.3115234375 0.05078125 0.046875
1 0.1884765625 0.4111328125 0.05859375 0.0390625
1 0.0419921875 0.3837890625 0.037109375 0.02734375