1 0.751953125 0.70703125 0.0224609375 0.08984375
1 0.720703125 0.7373046875 0.0302734375 0.05859375
1 0.8837890625 0.361328125 0.0224609375 0.060546875
1 0.2529296875 0.240234375 0.0224609375 0.0537109375
1 0.55078125 0.4296875 0.0205078125 0.0419921875
1 0.46875 0.392578125 0.0205078125 0.0419921875
1 0.9541015625 0.521484375 0.029296875 0.08984375
1 0.583984375 0.3818359375 0.015625 0.0537109375
1 0.5732421875 0.37109375 0.017578125 0.0322265625
1 0.578125 0.3974609375 0.013671875 0.044921875
1 0.4912109375 0.333984375 0.017578125 0.0625
1 0.48046875 0.3369140625 0.015625 0.033203125