1 0.529296875 0.197265625 0.05859375 0.1513671875
1 0.5595703125 0.234375 0.0341796875 0.0830078125
1 0.3154296875 0.3828125 0.0439453125 0.056640625
1 0.4599609375 0.5205078125 0.037109375 0.083984375
1 0.54296875 0.521484375 0.0341796875 0.0537109375
1 0.7568359375 0.1845703125 0.0498046875 0.0791015625
1 0.611328125 0.7431640625 0.0791015625 0.1640625
1 0.5146484375 0.916015625 0.03515625 0.0732421875
1 0.2451171875 0.41015625 0.0458984375 0.064453125
1 0.361328125 0.44921875 0.044921875 0.0791015625
1 0.337890625 0.03125 0.0556640625 0.0615234375