1 0.84375 0.765625 0.05859375 0.02734375
1 0.90625 0.7744140625 0.046875 0.01953125
1 0.9033203125 0.1318359375 0.0703125 0.0234375
1 0.7236328125 0.0576171875 0.08203125 0.033203125
1 0.50390625 0.2177734375 0.078125 0.0234375
1 0.46875 0.2470703125 0.0625 0.0234375
1 0.6748046875 0.400390625 0.064453125 0.01953125
1 0.7109375 0.4111328125 0.0390625 0.015625
1 0.7353515625 0.4150390625 0.03125 0.01171875
1 0.7421875 0.400390625 0.0390625 0.015625
1 0.716796875 0.548828125 0.046875 0.021484375
1 0.6767578125 0.453125 0.05078125 0.01953125
1 0.77734375 0.5283203125 0.037109375 0.01953125
1 0.8037109375 0.5224609375 0.0390625 0.015625
1 0.0751953125 0.49609375 0.09375 0.025390625