1 0.66796875 0.31640625 0.03515625 0.068359375
1 0.390625 0.25390625 0.083984375 0.13671875
1 0.392578125 0.5615234375 0.03515625 0.0546875
1 0.3408203125 0.8740234375 0.04296875 0.0625
1 0.515625 0.8681640625 0.0234375 0.041015625
1 0.5458984375 0.73828125 0.03515625 0.0625
1 0.3134765625 0.6572265625 0.03125 0.06640625
1 0.341796875 0.46875 0.0234375 0.056640625
1 0.337890625 0.53125 0.021484375 0.05078125
1 0.3408203125 0.580078125 0.0234375 0.06640625
1 0.5634765625 0.4609375 0.029296875 0.0703125
1 0.982421875 0.099609375 0.03515625 0.0703125