1 0.169921875 0.7021484375 0.083984375 0.044921875
1 0.2998046875 0.501953125 0.08984375 0.0234375
1 0.662109375 0.3505859375 0.1015625 0.0546875
1 0.857421875 0.5361328125 0.09765625 0.0234375
1 0.8203125 0.5078125 0.0703125 0.01953125
1 0.7822265625 0.4853515625 0.0703125 0.02734375
1 0.6484375 0.396484375 0.07421875 0.03515625
1 0.59375 0.376953125 0.04296875 0.02734375
1 0.5859375 0.36328125 0.05078125 0.03515625
1 0.5546875 0.349609375 0.046875 0.03515625
1 0.5517578125 0.333984375 0.06640625 0.029296875