1 0.470703125 0.8017578125 0.05859375 0.15234375
1 0.4404296875 0.765625 0.03515625 0.08203125
1 0.712890625 0.6240234375 0.04296875 0.05859375
1 0.5400390625 0.4775390625 0.037109375 0.083984375
1 0.4560546875 0.4755859375 0.03515625 0.0546875
1 0.244140625 0.814453125 0.05078125 0.078125
1 0.3876953125 0.255859375 0.078125 0.1640625
1 0.4736328125 0.0869140625 0.03515625 0.08984375
1 0.7861328125 0.5732421875 0.0546875 0.064453125
1 0.6787109375 0.548828125 0.044921875 0.078125
1 0.662109375 0.9638671875 0.0546875 0.0625