1 0.75 0.30078125 0.0625 0.033203125
1 0.75 0.6142578125 0.12890625 0.078125
1 0.4423828125 0.5947265625 0.05078125 0.033203125
1 0.1328125 0.4931640625 0.04296875 0.025390625
1 0.1953125 0.4423828125 0.05859375 0.033203125
1 0.5380859375 0.6630859375 0.05859375 0.0234375
1 0.4775390625 0.6650390625 0.056640625 0.0234375
1 0.4150390625 0.662109375 0.0625 0.0234375
1 0.5380859375 0.4404296875 0.0703125 0.029296875
1 0.9287109375 0.0302734375 0.080078125 0.046875
1 0.521484375 0.6943359375 0.08203125 0.025390625