1 0.7529296875 0.6982421875 0.021484375 0.0859375
1 0.71875 0.734375 0.0302734375 0.05859375
1 0.880859375 0.357421875 0.0224609375 0.060546875
1 0.25 0.2392578125 0.0224609375 0.0537109375
1 0.607421875 0.2744140625 0.0126953125 0.0341796875
1 0.5986328125 0.2744140625 0.013671875 0.0263671875
1 0.5986328125 0.2890625 0.0146484375 0.0390625
1 0.576171875 0.326171875 0.0185546875 0.0390625
1 0.501953125 0.2900390625 0.0185546875 0.0390625
1 0.521484375 0.240234375 0.013671875 0.033203125
1 0.513671875 0.25 0.013671875 0.0341796875