1 0.42578125 0.529296875 0.125 0.046875
1 0.671875 0.7265625 0.080078125 0.0390625
1 0.7138671875 0.5224609375 0.064453125 0.06640625
1 0.7275390625 0.6533203125 0.07421875 0.0546875
1 0.5302734375 0.376953125 0.080078125 0.046875
1 0.4150390625 0.5966796875 0.109375 0.0703125
1 0.3134765625 0.7275390625 0.078125 0.04296875
1 0.400390625 0.7314453125 0.091796875 0.04296875
1 0.61328125 0.5341796875 0.08984375 0.05859375
1 0.1708984375 0.732421875 0.1015625 0.041015625
1 0.091796875 0.216796875 0.1015625 0.0625