1 0.291015625 0.7509765625 0.08984375 0.0234375
1 0.259765625 0.7197265625 0.05859375 0.03125
1 0.638671875 0.8837890625 0.0625 0.0234375
1 0.7587890625 0.2529296875 0.0546875 0.0234375
1 0.6005859375 0.55859375 0.04296875 0.01953125
1 0.630859375 0.4775390625 0.04296875 0.01953125
1 0.4697265625 0.95703125 0.095703125 0.03125
1 0.6455078125 0.5966796875 0.0546875 0.015625
1 0.6533203125 0.5810546875 0.03125 0.015625
1 0.6328125 0.580078125 0.044921875 0.013671875
1 0.689453125 0.5 0.0625 0.017578125
1 0.6826171875 0.4912109375 0.033203125 0.015625