1 0.7509765625 0.7099609375 0.0224609375 0.08984375
1 0.7197265625 0.7373046875 0.0302734375 0.05859375
1 0.8837890625 0.3603515625 0.0224609375 0.060546875
1 0.251953125 0.240234375 0.0224609375 0.0537109375
1 0.6015625 0.296875 0.0126953125 0.0341796875
1 0.6005859375 0.2900390625 0.013671875 0.0263671875
1 0.5986328125 0.30078125 0.0146484375 0.0390625
1 0.5751953125 0.345703125 0.0185546875 0.0390625
1 0.4990234375 0.3115234375 0.0185546875 0.0390625
1 0.5205078125 0.2529296875 0.013671875 0.03515625
1 0.5107421875 0.265625 0.013671875 0.0361328125